{
 "cells": [
  {
   "cell_type": "code",
   "execution_count": 1,
   "metadata": {},
   "outputs": [],
   "source": [
    "import numpy as np \n",
    "import pandas as pd \n",
    "import torch\n",
    "from data_processing import generate_vocab, process_data, create_dataloaders\n",
    "from model import get_pretrained_emb, EncoderRNN, DecoderRNN, DecoderAttnRNN, EncoderDecoder, EncoderDecoderAttn\n",
    "from train_eval import evaluate, train_and_eval, summarize_results, plot_single_learning_curve, load_experiment_log\n",
    "import pickle as pkl \n",
    "from datetime import datetime\n",
    "device = torch.device(\"cuda\" if torch.cuda.is_available() else \"cpu\")"
   ]
  },
  {
   "cell_type": "code",
   "execution_count": 2,
   "metadata": {},
   "outputs": [],
   "source": [
    "# params required for generating data loaders \n",
    "\n",
    "SRC_LANG = 'vi'\n",
    "TARG_LANG = 'en'\n",
    "\n",
    "SRC_MAX_SENTENCE_LEN = 10\n",
    "TARG_MAX_SENTENCE_LEN = 10\n",
    "SRC_VOCAB_SIZE = 30000 \n",
    "TARG_VOCAB_SIZE = 30000 \n",
    "\n",
    "BATCH_SIZE = 64 "
   ]
  },
  {
   "cell_type": "code",
   "execution_count": 3,
   "metadata": {},
   "outputs": [],
   "source": [
    "# takes a long time to process, save to pickle for reimport in future \n",
    "# vocab = generate_vocab(SRC_LANG, TARG_LANG, SRC_VOCAB_SIZE, TARG_VOCAB_SIZE)\n",
    "# vocab_filename = \"{}-{}-vocab.p\".format(SRC_LANG, TARG_LANG)\n",
    "# pkl.dump(vocab, open(vocab_filename, \"wb\"))"
   ]
  },
  {
   "cell_type": "code",
   "execution_count": 4,
   "metadata": {},
   "outputs": [],
   "source": [
    "# reload from pickle \n",
    "vocab_filename = \"{}-{}-vocab.p\".format(SRC_LANG, TARG_LANG)\n",
    "vocab = pkl.load(open(vocab_filename, \"rb\"))\n",
    "data = process_data(SRC_LANG, TARG_LANG, SRC_MAX_SENTENCE_LEN, TARG_MAX_SENTENCE_LEN, vocab, filter_long=False)\n",
    "data_minibatch = process_data(SRC_LANG, TARG_LANG, SRC_MAX_SENTENCE_LEN, TARG_MAX_SENTENCE_LEN, vocab, sample_limit=BATCH_SIZE, filter_long=False) \n",
    "data_minitrain = process_data(SRC_LANG, TARG_LANG, SRC_MAX_SENTENCE_LEN, TARG_MAX_SENTENCE_LEN, vocab, sample_limit=1000, filter_long=False)"
   ]
  },
  {
   "cell_type": "code",
   "execution_count": 5,
   "metadata": {},
   "outputs": [],
   "source": [
    "# create dataloaders \n",
    "loaders_full = create_dataloaders(data, SRC_MAX_SENTENCE_LEN, TARG_MAX_SENTENCE_LEN, BATCH_SIZE)\n",
    "loaders_minibatch = create_dataloaders(data_minibatch, SRC_MAX_SENTENCE_LEN, TARG_MAX_SENTENCE_LEN, BATCH_SIZE)\n",
    "loaders_minitrain = create_dataloaders(data_minitrain, SRC_MAX_SENTENCE_LEN, TARG_MAX_SENTENCE_LEN, BATCH_SIZE)"
   ]
  },
  {
   "cell_type": "code",
   "execution_count": 6,
   "metadata": {},
   "outputs": [],
   "source": [
    "# model architecture params \n",
    "NETWORK_TYPE = 'rnn'\n",
    "RNN_CELL_TYPE = 'gru'\n",
    "NUM_LAYERS = 2 \n",
    "ENC_HIDDEN_DIM = 512\n",
    "DEC_HIDDEN_DIM = 2 * ENC_HIDDEN_DIM \n",
    "TEACHER_FORCING_RATIO = 1\n",
    "CLIP_GRAD_MAX_NORM = 1\n",
    "ENC_DROPOUT = 0 \n",
    "DEC_DROPOUT = 0  \n",
    "ATTENTION_TYPE = 'additive'\n",
    "\n",
    "# training params  \n",
    "NUM_EPOCHS = 10 \n",
    "LR = 0.00015 \n",
    "OPTIMIZER = 'Adam'\n",
    "LAZY_TRAIN = False\n",
    "\n",
    "# name the model and experiment \n",
    "if NETWORK_TYPE == 'rnn': \n",
    "    EXPERIMENT_NAME = '{}-rnn-{}-attn'.format(SRC_LANG, ATTENTION_TYPE)\n",
    "elif NETWORK_TYPE == 'cnn': \n",
    "    EXPERIMENT_NAME = '{}-cnn'.format(SRC_LANG)\n",
    "MODEL_NAME = '{}-{}'.format(EXPERIMENT_NAME, datetime.now().strftime('%Y-%m-%d %H:%M:%S'))"
   ]
  },
  {
   "cell_type": "code",
   "execution_count": 7,
   "metadata": {},
   "outputs": [],
   "source": [
    "# store as dict to save to results later \n",
    "params = {'experiment_name': EXPERIMENT_NAME,'model_name': MODEL_NAME, 'src_lang': SRC_LANG, 'targ_lang': TARG_LANG, \n",
    "          'rnn_cell_type': RNN_CELL_TYPE, 'src_max_sentence_len': SRC_MAX_SENTENCE_LEN, \n",
    "          'targ_max_sentence_len': TARG_MAX_SENTENCE_LEN, 'src_vocab_size': SRC_VOCAB_SIZE, \n",
    "          'targ_vocab_size': TARG_VOCAB_SIZE, 'num_layers': NUM_LAYERS, 'enc_hidden_dim': ENC_HIDDEN_DIM, \n",
    "          'dec_hidden_dim': DEC_HIDDEN_DIM, 'teacher_forcing_ratio': TEACHER_FORCING_RATIO, \n",
    "          'clip_grad_max_norm': CLIP_GRAD_MAX_NORM, 'enc_dropout': ENC_DROPOUT, 'dec_dropout': DEC_DROPOUT, \n",
    "          'attention_type': ATTENTION_TYPE, 'batch_size': BATCH_SIZE, 'num_epochs': NUM_EPOCHS, \n",
    "          'learning_rate': LR, 'optimizer': OPTIMIZER, 'lazy_train': LAZY_TRAIN} "
   ]
  },
  {
   "cell_type": "code",
   "execution_count": 8,
   "metadata": {},
   "outputs": [],
   "source": [
    "# define model \n",
    "\n",
    "encoder = EncoderRNN(rnn_cell_type=RNN_CELL_TYPE, enc_hidden_dim=ENC_HIDDEN_DIM, num_layers=NUM_LAYERS, \n",
    "                     src_max_sentence_len=SRC_MAX_SENTENCE_LEN, enc_dropout=ENC_DROPOUT, \n",
    "                     pretrained_word2vec=get_pretrained_emb(vocab[SRC_LANG]['word2vec'], vocab[SRC_LANG]['token2id']))\n",
    "\n",
    "if ATTENTION_TYPE == 'without': \n",
    "    # without attention \n",
    "    decoder = DecoderRNN(dec_hidden_dim=DEC_HIDDEN_DIM, enc_hidden_dim=ENC_HIDDEN_DIM, num_layers=NUM_LAYERS,\n",
    "                         targ_vocab_size=TARG_VOCAB_SIZE, targ_max_sentence_len=TARG_MAX_SENTENCE_LEN, \n",
    "                         pretrained_word2vec=get_pretrained_emb(vocab[TARG_LANG]['word2vec'], \n",
    "                                                                vocab[TARG_LANG]['token2id']))\n",
    "    model = EncoderDecoder(encoder, decoder, vocab[TARG_LANG]['token2id']).to(device)\n",
    "    \n",
    "else: \n",
    "    # with attention \n",
    "    decoder = DecoderAttnRNN(rnn_cell_type=RNN_CELL_TYPE, dec_hidden_dim=DEC_HIDDEN_DIM, enc_hidden_dim=ENC_HIDDEN_DIM, \n",
    "                             num_layers=NUM_LAYERS, targ_vocab_size=TARG_VOCAB_SIZE, \n",
    "                             src_max_sentence_len=SRC_MAX_SENTENCE_LEN, targ_max_sentence_len=TARG_MAX_SENTENCE_LEN, \n",
    "                             dec_dropout=DEC_DROPOUT, attention_type=ATTENTION_TYPE,\n",
    "                             pretrained_word2vec=get_pretrained_emb(vocab[TARG_LANG]['word2vec'], \n",
    "                                                                    vocab[TARG_LANG]['token2id']))\n",
    "    model = EncoderDecoderAttn(encoder, decoder, vocab[TARG_LANG]['token2id']).to(device) "
   ]
  },
  {
   "cell_type": "code",
   "execution_count": 9,
   "metadata": {
    "scrolled": false
   },
   "outputs": [
    {
     "name": "stdout",
     "output_type": "stream",
     "text": [
      "Epoch: 0.00, Train Loss: 0.00, Val Loss: 10.27, Train BLEU: 0.00, Val BLEU: 0.05, Minutes Elapsed: 0.09\n",
      "Sampling from val predictions...\n",
      "Source: \" trước_khi tôi chết , tôi muốn được hát cho\n",
      "Reference: &quot; before i die , i want to sing\n",
      "Model: <SOS> and and and the the the the leftovers edits\n",
      "Attention Weights: tensor([[0.1003, 0.1006, 0.1004, 0.0999, 0.1002, 0.1001, 0.0999, 0.0997, 0.0995,\n",
      "         0.0994],\n",
      "        [0.1003, 0.1006, 0.1004, 0.0999, 0.1002, 0.1001, 0.0999, 0.0997, 0.0995,\n",
      "         0.0994],\n",
      "        [0.1003, 0.1006, 0.1004, 0.0999, 0.1002, 0.1001, 0.0999, 0.0997, 0.0995,\n",
      "         0.0994],\n",
      "        [0.1003, 0.1006, 0.1004, 0.0999, 0.1002, 0.1001, 0.0999, 0.0997, 0.0995,\n",
      "         0.0994],\n",
      "        [0.1003, 0.1006, 0.1004, 0.0999, 0.1002, 0.1001, 0.0999, 0.0997, 0.0995,\n",
      "         0.0994],\n",
      "        [0.1003, 0.1006, 0.1004, 0.0999, 0.1002, 0.1001, 0.0999, 0.0997, 0.0995,\n",
      "         0.0994],\n",
      "        [0.1003, 0.1006, 0.1004, 0.0999, 0.1002, 0.1001, 0.0999, 0.0997, 0.0995,\n",
      "         0.0994],\n",
      "        [0.1003, 0.1006, 0.1004, 0.0999, 0.1002, 0.1001, 0.0999, 0.0997, 0.0995,\n",
      "         0.0994],\n",
      "        [0.1003, 0.1006, 0.1004, 0.0999, 0.1002, 0.1001, 0.0999, 0.0997, 0.0995,\n",
      "         0.0994]])\n",
      "\n",
      "Source: tôi thấy rằng người mỹ thấy sự yếu_ớt , dễ\n",
      "Reference: i find that americans see the fragility in changes\n",
      "Model: <SOS> and and you of the the edits edits edits\n",
      "Attention Weights: tensor([[0.1009, 0.1002, 0.1001, 0.1002, 0.0999, 0.0997, 0.0997, 0.0992, 0.0999,\n",
      "         0.1002],\n",
      "        [0.1009, 0.1002, 0.1001, 0.1002, 0.0999, 0.0997, 0.0997, 0.0992, 0.0999,\n",
      "         0.1001],\n",
      "        [0.1009, 0.1002, 0.1001, 0.1002, 0.0999, 0.0997, 0.0997, 0.0992, 0.0999,\n",
      "         0.1001],\n",
      "        [0.1009, 0.1002, 0.1001, 0.1002, 0.0999, 0.0997, 0.0997, 0.0992, 0.0999,\n",
      "         0.1001],\n",
      "        [0.1009, 0.1002, 0.1001, 0.1002, 0.0999, 0.0997, 0.0997, 0.0992, 0.0999,\n",
      "         0.1001],\n",
      "        [0.1009, 0.1002, 0.1001, 0.1002, 0.0999, 0.0997, 0.0997, 0.0992, 0.0999,\n",
      "         0.1001],\n",
      "        [0.1009, 0.1002, 0.1001, 0.1002, 0.0999, 0.0997, 0.0997, 0.0992, 0.0999,\n",
      "         0.1001],\n",
      "        [0.1009, 0.1002, 0.1001, 0.1002, 0.0999, 0.0997, 0.0997, 0.0992, 0.0999,\n",
      "         0.1002],\n",
      "        [0.1009, 0.1002, 0.1001, 0.1002, 0.0999, 0.0997, 0.0997, 0.0992, 0.0999,\n",
      "         0.1002]])\n",
      "\n"
     ]
    },
    {
     "name": "stderr",
     "output_type": "stream",
     "text": [
      "WARNING:root:That's 100 lines that end in a tokenized period ('.')\n",
      "WARNING:root:It looks like you forgot to detokenize your test data, which may hurt your score.\n",
      "WARNING:root:If you insist your data is detokenized, or don't care, you can suppress this message with '--force'.\n"
     ]
    },
    {
     "name": "stdout",
     "output_type": "stream",
     "text": [
      "Epoch: 0.24, Train Loss: 0.00, Val Loss: 6.08, Train BLEU: 0.00, Val BLEU: 1.09, Minutes Elapsed: 10.24\n",
      "Sampling from val predictions...\n",
      "Source: không có ngày nào mà tôi không nghĩ về những\n",
      "Reference: there is not a day that goes by that\n",
      "Model: <SOS> so i , , , , , , ,\n",
      "Attention Weights: tensor([[4.1895e-04, 1.9566e-03, 1.3848e-02, 6.9876e-02, 1.6222e-01, 2.1904e-01,\n",
      "         2.1429e-01, 1.7136e-01, 1.0192e-01, 4.5056e-02],\n",
      "        [4.9025e-04, 2.7970e-03, 1.9008e-02, 8.6537e-02, 1.7913e-01, 2.2559e-01,\n",
      "         2.1030e-01, 1.6227e-01, 8.5675e-02, 2.8200e-02],\n",
      "        [4.9962e-06, 3.8118e-05, 3.6232e-04, 4.5243e-03, 1.9264e-02, 4.3134e-02,\n",
      "         4.8139e-02, 6.2703e-02, 1.5846e-01, 6.6337e-01],\n",
      "        [4.8725e-06, 1.5331e-05, 7.2079e-05, 5.7044e-04, 2.5014e-03, 6.5581e-03,\n",
      "         7.8418e-03, 1.1418e-02, 4.6065e-02, 9.2495e-01],\n",
      "        [1.8995e-05, 4.5451e-05, 1.5927e-04, 8.3482e-04, 2.9062e-03, 6.8550e-03,\n",
      "         8.2354e-03, 1.1725e-02, 4.2915e-02, 9.2630e-01],\n",
      "        [4.9109e-05, 1.0586e-04, 3.2819e-04, 1.3910e-03, 4.1703e-03, 9.0265e-03,\n",
      "         1.0782e-02, 1.4973e-02, 4.9064e-02, 9.1011e-01],\n",
      "        [8.9859e-05, 1.8454e-04, 5.3890e-04, 2.0369e-03, 5.5815e-03, 1.1418e-02,\n",
      "         1.3556e-02, 1.8475e-02, 5.5804e-02, 8.9232e-01],\n",
      "        [1.3809e-04, 2.7540e-04, 7.7495e-04, 2.7232e-03, 7.0176e-03, 1.3783e-02,\n",
      "         1.6280e-02, 2.1861e-02, 6.2023e-02, 8.7512e-01],\n",
      "        [1.9064e-04, 3.7272e-04, 1.0222e-03, 3.4150e-03, 8.4160e-03, 1.6029e-02,\n",
      "         1.8849e-02, 2.5013e-02, 6.7535e-02, 8.5916e-01]])\n",
      "\n",
      "Source: không_khí rất vui_vẻ , và họ chia_sẻ những câu_chuyện về\n",
      "Reference: it was cool , and they just shared the\n",
      "Model: <SOS> but , , , , , , , ,\n",
      "Attention Weights: tensor([[0.0006, 0.0053, 0.0412, 0.1107, 0.1471, 0.1913, 0.1881, 0.1575, 0.1099,\n",
      "         0.0483],\n",
      "        [0.0007, 0.0072, 0.0521, 0.1235, 0.1669, 0.1906, 0.1803, 0.1466, 0.0973,\n",
      "         0.0347],\n",
      "        [0.0000, 0.0002, 0.0027, 0.0123, 0.0391, 0.0444, 0.0530, 0.0481, 0.1376,\n",
      "         0.6626],\n",
      "        [0.0000, 0.0001, 0.0006, 0.0024, 0.0089, 0.0105, 0.0138, 0.0127, 0.0523,\n",
      "         0.8987],\n",
      "        [0.0000, 0.0002, 0.0010, 0.0032, 0.0099, 0.0116, 0.0154, 0.0144, 0.0530,\n",
      "         0.8913],\n",
      "        [0.0001, 0.0004, 0.0017, 0.0047, 0.0128, 0.0150, 0.0196, 0.0187, 0.0614,\n",
      "         0.8657],\n",
      "        [0.0002, 0.0006, 0.0024, 0.0063, 0.0157, 0.0184, 0.0237, 0.0229, 0.0692,\n",
      "         0.8404],\n",
      "        [0.0003, 0.0008, 0.0032, 0.0079, 0.0186, 0.0217, 0.0277, 0.0269, 0.0762,\n",
      "         0.8166],\n",
      "        [0.0004, 0.0011, 0.0041, 0.0095, 0.0213, 0.0247, 0.0313, 0.0306, 0.0823,\n",
      "         0.7948]])\n",
      "\n"
     ]
    },
    {
     "name": "stderr",
     "output_type": "stream",
     "text": [
      "WARNING:root:That's 100 lines that end in a tokenized period ('.')\n",
      "WARNING:root:It looks like you forgot to detokenize your test data, which may hurt your score.\n",
      "WARNING:root:If you insist your data is detokenized, or don't care, you can suppress this message with '--force'.\n"
     ]
    },
    {
     "name": "stdout",
     "output_type": "stream",
     "text": [
      "Epoch: 0.48, Train Loss: 0.00, Val Loss: 5.64, Train BLEU: 0.00, Val BLEU: 2.87, Minutes Elapsed: 21.52\n",
      "Sampling from val predictions...\n",
      "Source: anh ta muốn biết mọi thứ về gia_đình tôi và\n",
      "Reference: he wanted to know everything about my family and\n",
      "Model: <SOS> but you you you you to to , the\n",
      "Attention Weights: tensor([[3.1109e-04, 1.9979e-01, 3.8555e-01, 4.0228e-01, 1.1098e-02, 5.9669e-04,\n",
      "         1.2836e-04, 9.8545e-05, 1.0473e-04, 4.7753e-05],\n",
      "        [4.2920e-03, 3.6434e-01, 4.3543e-01, 1.9047e-01, 4.6220e-03, 3.4344e-04,\n",
      "         1.2107e-04, 1.0986e-04, 1.5247e-04, 1.1085e-04],\n",
      "        [2.1252e-03, 1.9112e-01, 5.0596e-01, 2.9625e-01, 4.2569e-03, 1.2129e-04,\n",
      "         2.7962e-05, 3.0423e-05, 7.1564e-05, 4.0404e-05],\n",
      "        [1.7459e-04, 2.3621e-03, 2.6055e-02, 7.6073e-01, 2.0352e-01, 5.8913e-03,\n",
      "         3.8653e-04, 2.6143e-04, 5.1153e-04, 1.1170e-04],\n",
      "        [1.7504e-05, 8.1017e-05, 6.7531e-04, 6.5596e-02, 5.2210e-01, 2.6483e-01,\n",
      "         5.4118e-02, 3.3394e-02, 5.2769e-02, 6.4239e-03],\n",
      "        [1.0814e-06, 4.0148e-06, 2.3099e-05, 1.1712e-03, 2.3900e-02, 7.9077e-02,\n",
      "         1.4435e-01, 2.3001e-01, 4.2889e-01, 9.2578e-02],\n",
      "        [2.0143e-07, 6.8454e-07, 3.1784e-06, 9.4945e-05, 1.5679e-03, 8.5751e-03,\n",
      "         5.1996e-02, 2.0280e-01, 5.2240e-01, 2.1256e-01],\n",
      "        [1.1620e-07, 3.9127e-07, 1.7264e-06, 4.1376e-05, 5.1833e-04, 2.6995e-03,\n",
      "         2.4004e-02, 1.6300e-01, 5.2918e-01, 2.8056e-01],\n",
      "        [9.1855e-08, 3.2745e-07, 1.4471e-06, 3.2498e-05, 3.5295e-04, 1.6512e-03,\n",
      "         1.5621e-02, 1.4199e-01, 5.3598e-01, 3.0437e-01]])\n",
      "\n",
      "Source: nam_nữ thanh_niên đứng_đầu chiến_tuyến đòi lật_đổ chính_quyền , giơ cao\n",
      "Reference: young libyan women and men were at the forefront\n",
      "Model: <SOS> we , the we the , , , ,\n",
      "Attention Weights: tensor([[4.1714e-02, 5.1408e-01, 4.2173e-01, 1.7169e-02, 4.8397e-03, 2.9773e-04,\n",
      "         6.6933e-05, 4.3665e-05, 3.1627e-05, 2.3062e-05],\n",
      "        [5.0207e-02, 7.6998e-01, 1.6543e-01, 9.5938e-03, 4.1289e-03, 3.5145e-04,\n",
      "         9.0678e-05, 1.0896e-04, 5.9805e-05, 4.5365e-05],\n",
      "        [3.5417e-03, 9.6595e-01, 2.4484e-02, 3.1882e-03, 2.7687e-03, 5.7852e-05,\n",
      "         4.0829e-06, 5.7741e-06, 1.6627e-06, 1.0984e-06],\n",
      "        [3.2420e-04, 6.7894e-01, 1.3101e-01, 5.0843e-02, 1.3243e-01, 5.9746e-03,\n",
      "         2.3638e-04, 1.9339e-04, 3.5038e-05, 1.8299e-05],\n",
      "        [1.7642e-05, 1.7688e-02, 6.1458e-02, 4.6350e-02, 6.1029e-01, 1.9191e-01,\n",
      "         3.0059e-02, 3.3281e-02, 6.1318e-03, 2.8152e-03],\n",
      "        [7.1468e-06, 2.0311e-03, 1.2471e-02, 1.1493e-02, 3.1647e-01, 2.1567e-01,\n",
      "         1.0052e-01, 2.2223e-01, 7.4975e-02, 4.4138e-02],\n",
      "        [4.9789e-06, 8.0012e-04, 5.1040e-03, 4.8368e-03, 1.5736e-01, 1.3548e-01,\n",
      "         9.7538e-02, 3.1780e-01, 1.6278e-01, 1.1829e-01],\n",
      "        [4.1909e-06, 5.2665e-04, 3.2004e-03, 3.0545e-03, 1.0194e-01, 9.5020e-02,\n",
      "         8.2182e-02, 3.2867e-01, 2.1123e-01, 1.7417e-01],\n",
      "        [3.8247e-06, 4.1506e-04, 2.4488e-03, 2.3146e-03, 7.6343e-02, 7.3413e-02,\n",
      "         7.0589e-02, 3.1935e-01, 2.3995e-01, 2.1518e-01]])\n",
      "\n"
     ]
    },
    {
     "name": "stderr",
     "output_type": "stream",
     "text": [
      "WARNING:root:That's 100 lines that end in a tokenized period ('.')\n",
      "WARNING:root:It looks like you forgot to detokenize your test data, which may hurt your score.\n",
      "WARNING:root:If you insist your data is detokenized, or don't care, you can suppress this message with '--force'.\n"
     ]
    },
    {
     "name": "stdout",
     "output_type": "stream",
     "text": [
      "Epoch: 0.72, Train Loss: 0.00, Val Loss: 5.28, Train BLEU: 0.00, Val BLEU: 5.45, Minutes Elapsed: 32.51\n",
      "Sampling from val predictions...\n",
      "Source: vậy điều gì đã xảy_ra ? <EOS> <PAD> <PAD> <PAD>\n",
      "Reference: so what happened ? <EOS> <PAD> <PAD> <PAD> <PAD>\n",
      "Model: <SOS> what what what do ? ? ? ? ?\n",
      "Attention Weights: tensor([[0.5941, 0.3611, 0.0336, 0.0027, 0.0016, 0.0065, 0.0005, 0.0000, 0.0000,\n",
      "         0.0000],\n",
      "        [0.0799, 0.7678, 0.1463, 0.0038, 0.0007, 0.0013, 0.0002, 0.0000, 0.0000,\n",
      "         0.0000],\n",
      "        [0.0009, 0.0934, 0.8466, 0.0460, 0.0042, 0.0081, 0.0008, 0.0000, 0.0000,\n",
      "         0.0000],\n",
      "        [0.0000, 0.0018, 0.5157, 0.3615, 0.0400, 0.0789, 0.0022, 0.0000, 0.0000,\n",
      "         0.0000],\n",
      "        [0.0000, 0.0000, 0.0052, 0.1497, 0.1688, 0.6440, 0.0323, 0.0000, 0.0000,\n",
      "         0.0000],\n",
      "        [0.0000, 0.0000, 0.0002, 0.0105, 0.0562, 0.7998, 0.1333, 0.0000, 0.0000,\n",
      "         0.0000],\n",
      "        [0.0000, 0.0000, 0.0002, 0.0060, 0.0373, 0.7568, 0.1997, 0.0000, 0.0000,\n",
      "         0.0000],\n",
      "        [0.0000, 0.0000, 0.0005, 0.0113, 0.0590, 0.7216, 0.2076, 0.0000, 0.0000,\n",
      "         0.0000],\n",
      "        [0.0000, 0.0000, 0.0006, 0.0128, 0.0701, 0.7404, 0.1761, 0.0000, 0.0000,\n",
      "         0.0000]])\n",
      "\n",
      "Source: tất_cả chúng_tôi đều biết đang mạo_hiểm tính_mạng của chính mình\n",
      "Reference: we all knew we were risking our lives --\n",
      "Model: <SOS> so we we the the the the the the\n",
      "Attention Weights: tensor([[5.5079e-02, 9.2807e-01, 1.0443e-02, 5.3033e-03, 2.9382e-04, 2.6989e-04,\n",
      "         1.3424e-04, 1.7482e-04, 1.0908e-04, 1.2159e-04],\n",
      "        [1.7466e-02, 8.1207e-01, 1.5181e-01, 1.7471e-02, 5.7299e-04, 2.7764e-04,\n",
      "         1.1062e-04, 1.1454e-04, 5.6626e-05, 4.5823e-05],\n",
      "        [9.6586e-04, 2.4061e-01, 6.1269e-01, 1.4270e-01, 2.3666e-03, 4.7857e-04,\n",
      "         8.1399e-05, 6.9335e-05, 2.1954e-05, 1.6331e-05],\n",
      "        [2.7234e-06, 7.2054e-04, 9.7779e-02, 8.0291e-01, 8.4680e-02, 1.2140e-02,\n",
      "         1.0246e-03, 6.1185e-04, 8.6158e-05, 4.2629e-05],\n",
      "        [7.3324e-07, 8.1507e-05, 7.2800e-03, 5.0752e-01, 3.2537e-01, 1.4022e-01,\n",
      "         1.2593e-02, 6.1501e-03, 5.7936e-04, 2.1230e-04],\n",
      "        [7.8472e-08, 4.7931e-06, 2.7582e-04, 2.9550e-02, 1.3220e-01, 3.5412e-01,\n",
      "         2.0296e-01, 2.0853e-01, 4.9342e-02, 2.3022e-02],\n",
      "        [4.3777e-08, 1.0896e-06, 2.0690e-05, 1.9448e-03, 1.7546e-02, 1.3252e-01,\n",
      "         1.7174e-01, 4.1398e-01, 1.3813e-01, 1.2412e-01],\n",
      "        [2.2834e-07, 2.6134e-06, 2.3431e-05, 1.4844e-03, 1.0039e-02, 9.6072e-02,\n",
      "         1.3534e-01, 4.3425e-01, 1.4826e-01, 1.7454e-01],\n",
      "        [1.0344e-07, 1.6629e-06, 1.9271e-05, 9.1476e-04, 4.5934e-03, 4.4058e-02,\n",
      "         8.7048e-02, 2.9246e-01, 2.0232e-01, 3.6859e-01]])\n",
      "\n"
     ]
    },
    {
     "name": "stderr",
     "output_type": "stream",
     "text": [
      "WARNING:root:That's 100 lines that end in a tokenized period ('.')\n",
      "WARNING:root:It looks like you forgot to detokenize your test data, which may hurt your score.\n",
      "WARNING:root:If you insist your data is detokenized, or don't care, you can suppress this message with '--force'.\n"
     ]
    },
    {
     "name": "stdout",
     "output_type": "stream",
     "text": [
      "Epoch: 0.96, Train Loss: 0.00, Val Loss: 5.04, Train BLEU: 0.00, Val BLEU: 6.89, Minutes Elapsed: 43.30\n",
      "Sampling from val predictions...\n",
      "Source: trên hết , <UNK> bị bệnh lao , nhưng vẫn\n",
      "Reference: on top of that , <UNK> has tuberculosis ,\n",
      "Model: <SOS> in , , , , , , , ,\n",
      "Attention Weights: tensor([[5.0448e-01, 3.3756e-01, 7.2861e-02, 1.8516e-02, 1.3856e-02, 8.1272e-03,\n",
      "         7.5959e-03, 1.3434e-02, 6.5314e-03, 1.7042e-02],\n",
      "        [2.1620e-01, 6.1080e-01, 1.3397e-01, 2.6025e-02, 7.2920e-03, 2.6447e-03,\n",
      "         1.1039e-03, 8.1176e-04, 5.8066e-04, 5.6614e-04],\n",
      "        [1.1313e-02, 1.7110e-01, 4.9989e-01, 2.5816e-01, 4.9426e-02, 7.7674e-03,\n",
      "         1.1508e-03, 4.7936e-04, 3.8641e-04, 3.2345e-04],\n",
      "        [7.3994e-05, 3.4393e-03, 1.8018e-01, 5.7542e-01, 1.9884e-01, 3.5656e-02,\n",
      "         3.8139e-03, 1.2295e-03, 7.8800e-04, 5.5332e-04],\n",
      "        [1.6353e-06, 9.5483e-05, 1.1623e-02, 3.9134e-01, 4.6819e-01, 1.1666e-01,\n",
      "         9.1985e-03, 1.5871e-03, 8.4743e-04, 4.5152e-04],\n",
      "        [1.1913e-06, 5.5463e-05, 5.8466e-03, 1.6882e-01, 5.3860e-01, 2.3395e-01,\n",
      "         3.6950e-02, 9.1612e-03, 4.1704e-03, 2.4405e-03],\n",
      "        [1.2977e-07, 7.6917e-06, 9.4900e-04, 4.4106e-02, 3.1625e-01, 3.3874e-01,\n",
      "         1.2946e-01, 7.1576e-02, 6.2840e-02, 3.6077e-02],\n",
      "        [5.0280e-07, 2.2143e-05, 9.5796e-04, 2.8217e-02, 1.6608e-01, 2.4397e-01,\n",
      "         1.1525e-01, 1.1312e-01, 1.9658e-01, 1.3581e-01],\n",
      "        [3.2054e-08, 9.4968e-07, 1.9873e-04, 3.4204e-03, 3.9341e-02, 8.1098e-02,\n",
      "         7.8535e-02, 2.1209e-01, 3.3042e-01, 2.5490e-01]])\n",
      "\n",
      "Source: đó là lý_do tại_sao sau 10 năm che dấu danh_tính\n",
      "Reference: that &apos;s why , after 10 years of hiding\n",
      "Model: <SOS> that &apos;s the the : 10 10 in in\n",
      "Attention Weights: tensor([[2.9882e-02, 9.6279e-01, 7.0277e-03, 2.2245e-04, 2.2472e-05, 4.1596e-05,\n",
      "         9.8941e-06, 2.0348e-06, 2.4629e-06, 6.7222e-07],\n",
      "        [3.3711e-03, 8.0941e-01, 1.8300e-01, 4.0456e-03, 1.2824e-04, 2.4453e-05,\n",
      "         9.0498e-06, 2.7944e-06, 2.2822e-06, 9.5991e-07],\n",
      "        [8.1331e-05, 4.9838e-02, 6.8667e-01, 2.3648e-01, 2.3548e-02, 2.7716e-03,\n",
      "         5.2012e-04, 5.8797e-05, 2.8954e-05, 6.3111e-06],\n",
      "        [1.7348e-06, 6.2287e-04, 1.3356e-01, 6.0112e-01, 2.4388e-01, 1.9030e-02,\n",
      "         1.6587e-03, 8.7897e-05, 3.6054e-05, 6.4969e-06],\n",
      "        [3.5848e-07, 3.6305e-05, 1.2810e-02, 3.1824e-01, 6.0031e-01, 6.4010e-02,\n",
      "         4.4386e-03, 1.1672e-04, 3.4696e-05, 4.3170e-06],\n",
      "        [1.3001e-08, 1.5672e-06, 2.8412e-04, 1.0010e-02, 2.4373e-01, 4.4729e-01,\n",
      "         2.8156e-01, 1.4716e-02, 2.3620e-03, 4.0835e-05],\n",
      "        [5.1479e-09, 5.6285e-07, 6.9709e-05, 1.1546e-03, 3.7719e-02, 2.4466e-01,\n",
      "         5.0821e-01, 1.3691e-01, 6.9127e-02, 2.1513e-03],\n",
      "        [4.3459e-09, 1.4412e-07, 1.4258e-05, 2.6543e-04, 1.3041e-02, 1.6151e-01,\n",
      "         5.2078e-01, 1.8490e-01, 1.1409e-01, 5.4035e-03],\n",
      "        [2.4556e-09, 7.7503e-08, 5.1415e-06, 7.4074e-05, 2.6721e-03, 3.8627e-02,\n",
      "         2.7435e-01, 2.8366e-01, 3.5485e-01, 4.5761e-02]])\n",
      "\n"
     ]
    },
    {
     "name": "stderr",
     "output_type": "stream",
     "text": [
      "WARNING:root:That's 100 lines that end in a tokenized period ('.')\n",
      "WARNING:root:It looks like you forgot to detokenize your test data, which may hurt your score.\n",
      "WARNING:root:If you insist your data is detokenized, or don't care, you can suppress this message with '--force'.\n"
     ]
    },
    {
     "name": "stdout",
     "output_type": "stream",
     "text": [
      "Epoch: 1.00, Train Loss: 0.00, Val Loss: 5.04, Train BLEU: 0.00, Val BLEU: 7.27, Minutes Elapsed: 45.20\n",
      "Sampling from val predictions...\n",
      "Source: ở trường , chúng_tôi dành rất nhiều thời_gian để học\n",
      "Reference: in school , we spent a lot of time\n",
      "Model: <SOS> in , , we we a to of to\n",
      "Attention Weights: tensor([[2.1911e-01, 4.3436e-01, 3.0398e-01, 4.1566e-02, 2.9119e-04, 1.8882e-04,\n",
      "         4.1314e-05, 2.2313e-05, 2.9036e-04, 1.5379e-04],\n",
      "        [6.2296e-02, 2.7693e-01, 4.3900e-01, 1.8985e-01, 2.0682e-02, 6.3884e-03,\n",
      "         1.6057e-03, 6.5357e-04, 1.6536e-03, 9.4328e-04],\n",
      "        [5.2712e-03, 2.6712e-02, 2.5174e-01, 6.5273e-01, 5.6282e-02, 6.2013e-03,\n",
      "         5.2060e-04, 1.1413e-04, 3.1005e-04, 1.1416e-04],\n",
      "        [8.7959e-04, 6.8886e-03, 2.7033e-01, 6.6883e-01, 4.7484e-02, 5.0833e-03,\n",
      "         2.3292e-04, 3.0168e-05, 1.9868e-04, 4.5547e-05],\n",
      "        [7.2143e-05, 4.0986e-04, 2.2137e-02, 5.0913e-01, 4.1142e-01, 5.4652e-02,\n",
      "         1.8350e-03, 8.2324e-05, 2.2915e-04, 3.5902e-05],\n",
      "        [1.1463e-04, 4.5124e-04, 9.5252e-03, 2.4158e-01, 4.2054e-01, 2.7893e-01,\n",
      "         3.5760e-02, 3.2298e-03, 8.2712e-03, 1.5924e-03],\n",
      "        [5.9982e-06, 2.4751e-05, 8.7829e-04, 2.7609e-02, 1.7263e-01, 4.7996e-01,\n",
      "         1.9609e-01, 3.8815e-02, 6.6188e-02, 1.7804e-02],\n",
      "        [1.0906e-05, 3.9783e-05, 1.4419e-03, 3.5934e-02, 1.5149e-01, 4.5819e-01,\n",
      "         1.7393e-01, 3.8785e-02, 1.1219e-01, 2.7980e-02],\n",
      "        [1.8768e-05, 5.5761e-05, 2.0833e-03, 3.9341e-02, 6.4584e-02, 2.0811e-01,\n",
      "         9.9772e-02, 4.5637e-02, 4.3484e-01, 1.0556e-01]])\n",
      "\n",
      "Source: nếu bạn không phải là thợ làm_vườn thì bạn không_phải\n",
      "Reference: if you ain &apos;t a gardener , you ain\n",
      "Model: <SOS> if you don &apos;t know if , you can\n",
      "Attention Weights: tensor([[1.5991e-01, 8.3808e-01, 1.8444e-03, 5.9915e-05, 4.5749e-05, 1.4353e-05,\n",
      "         7.5666e-06, 1.4843e-05, 2.2014e-05, 2.1103e-06],\n",
      "        [4.7411e-03, 7.6082e-01, 2.3180e-01, 2.3557e-03, 2.2738e-04, 3.4378e-05,\n",
      "         9.9208e-06, 5.3675e-06, 4.1153e-06, 1.3849e-06],\n",
      "        [6.3083e-05, 6.1132e-02, 8.7255e-01, 6.0059e-02, 5.7209e-03, 4.1984e-04,\n",
      "         4.0447e-05, 9.2970e-06, 5.0663e-06, 1.0603e-06],\n",
      "        [1.1858e-05, 1.6612e-02, 7.0793e-01, 2.1350e-01, 5.4569e-02, 6.4656e-03,\n",
      "         7.1811e-04, 1.3474e-04, 5.5199e-05, 8.6917e-06],\n",
      "        [2.5840e-06, 8.8503e-04, 4.4946e-02, 2.5445e-01, 4.7435e-01, 1.7654e-01,\n",
      "         4.0403e-02, 6.2470e-03, 2.0246e-03, 1.5733e-04],\n",
      "        [3.5276e-07, 1.0969e-04, 8.9282e-03, 5.9665e-02, 1.6033e-01, 3.3859e-01,\n",
      "         2.5465e-01, 1.1879e-01, 5.3007e-02, 5.9334e-03],\n",
      "        [2.7254e-07, 4.0670e-05, 2.1727e-03, 1.6251e-02, 5.7634e-02, 2.7327e-01,\n",
      "         3.2126e-01, 2.1175e-01, 1.0484e-01, 1.2775e-02],\n",
      "        [7.3134e-07, 4.8104e-05, 7.4839e-04, 3.0573e-03, 1.2068e-02, 9.8710e-02,\n",
      "         1.4590e-01, 3.6341e-01, 3.4421e-01, 3.1854e-02],\n",
      "        [3.4959e-07, 3.0830e-05, 7.0575e-04, 3.2569e-03, 6.4418e-03, 3.3109e-02,\n",
      "         7.7753e-02, 2.7434e-01, 4.6272e-01, 1.4164e-01]])\n",
      "\n"
     ]
    },
    {
     "name": "stderr",
     "output_type": "stream",
     "text": [
      "WARNING:root:That's 100 lines that end in a tokenized period ('.')\n",
      "WARNING:root:It looks like you forgot to detokenize your test data, which may hurt your score.\n",
      "WARNING:root:If you insist your data is detokenized, or don't care, you can suppress this message with '--force'.\n"
     ]
    },
    {
     "name": "stdout",
     "output_type": "stream",
     "text": [
      "Epoch: 1.24, Train Loss: 0.00, Val Loss: 4.87, Train BLEU: 0.00, Val BLEU: 8.79, Minutes Elapsed: 56.03\n",
      "Sampling from val predictions...\n",
      "Source: ít_hơn một tháng rồi , ông và con_gái ông đang\n",
      "Reference: less than a month ago , he and his\n",
      "Model: <SOS> there a , , , and and and and\n",
      "Attention Weights: tensor([[9.6667e-01, 3.2346e-02, 6.5517e-04, 2.3073e-04, 3.3588e-05, 1.7924e-05,\n",
      "         2.3568e-05, 2.0977e-06, 1.2134e-05, 7.1022e-06],\n",
      "        [4.3897e-01, 4.8109e-01, 7.3699e-02, 5.8290e-03, 2.0132e-04, 1.0833e-04,\n",
      "         7.3203e-05, 6.9691e-06, 1.3156e-05, 6.0089e-06],\n",
      "        [1.0274e-02, 6.0512e-02, 3.9560e-01, 4.9466e-01, 2.6222e-02, 1.0718e-02,\n",
      "         1.7908e-03, 6.7190e-05, 1.3160e-04, 2.2971e-05],\n",
      "        [3.1197e-04, 3.0582e-03, 5.9663e-02, 6.5807e-01, 1.5870e-01, 9.9901e-02,\n",
      "         1.7830e-02, 7.4837e-04, 1.4943e-03, 2.2813e-04],\n",
      "        [3.8427e-05, 3.8285e-04, 7.4162e-03, 1.4312e-01, 2.2126e-01, 5.0135e-01,\n",
      "         1.0982e-01, 6.5087e-03, 8.7778e-03, 1.3164e-03],\n",
      "        [1.8247e-05, 1.0283e-04, 1.1452e-03, 6.1080e-02, 2.1573e-01, 5.3838e-01,\n",
      "         1.5779e-01, 7.2734e-03, 1.6002e-02, 2.4902e-03],\n",
      "        [5.5011e-06, 4.5809e-05, 4.1397e-04, 4.8352e-03, 2.8809e-02, 4.8545e-01,\n",
      "         2.8827e-01, 7.3921e-02, 1.0272e-01, 1.5529e-02],\n",
      "        [2.5743e-06, 2.4653e-05, 2.2635e-04, 2.5318e-03, 1.5030e-02, 2.8547e-01,\n",
      "         2.3604e-01, 1.2597e-01, 2.7786e-01, 5.6849e-02],\n",
      "        [1.6568e-06, 3.2877e-05, 3.4665e-04, 1.2180e-03, 4.0489e-03, 6.9735e-02,\n",
      "         5.9344e-02, 1.1701e-01, 5.4291e-01, 2.0536e-01]])\n",
      "\n",
      "Source: tôi đã có cơ_hội đi đến đây bằng máy_bay lần\n",
      "Reference: i got a chance to come by plane for\n",
      "Model: <SOS> i i a a of a a the to\n",
      "Attention Weights: tensor([[9.9100e-01, 8.6251e-03, 3.2486e-04, 3.5361e-05, 7.0015e-06, 2.8931e-06,\n",
      "         1.3702e-06, 6.4941e-07, 2.5422e-07, 4.2588e-07],\n",
      "        [9.7183e-02, 7.4497e-01, 1.5255e-01, 4.9810e-03, 2.2041e-04, 5.2061e-05,\n",
      "         2.2734e-05, 1.5237e-05, 6.2560e-06, 4.8957e-06],\n",
      "        [3.1321e-03, 8.0328e-02, 7.5812e-01, 1.4795e-01, 9.0997e-03, 1.1134e-03,\n",
      "         1.9932e-04, 4.1872e-05, 6.4147e-06, 4.9720e-06],\n",
      "        [5.7519e-05, 1.1232e-03, 1.5038e-01, 6.5287e-01, 1.6205e-01, 2.8684e-02,\n",
      "         4.1053e-03, 6.2354e-04, 6.5890e-05, 3.5456e-05],\n",
      "        [2.9734e-05, 1.1752e-04, 1.0739e-02, 2.7502e-01, 4.0161e-01, 2.3838e-01,\n",
      "         5.7819e-02, 1.3989e-02, 1.5012e-03, 7.9402e-04],\n",
      "        [5.9670e-05, 7.1151e-05, 1.6430e-03, 4.1444e-02, 1.5134e-01, 3.5971e-01,\n",
      "         2.6159e-01, 1.4089e-01, 2.2734e-02, 2.0513e-02],\n",
      "        [5.8037e-08, 5.9150e-07, 3.5642e-05, 2.2105e-03, 1.2131e-02, 7.8235e-02,\n",
      "         2.0294e-01, 3.4584e-01, 1.9039e-01, 1.6821e-01],\n",
      "        [8.8782e-08, 3.4858e-07, 7.8507e-06, 5.1023e-04, 3.1914e-03, 2.7886e-02,\n",
      "         1.1176e-01, 2.9936e-01, 2.4276e-01, 3.1452e-01],\n",
      "        [3.4902e-07, 6.6790e-07, 6.9348e-06, 3.0891e-04, 1.9733e-03, 1.8404e-02,\n",
      "         8.7723e-02, 2.5134e-01, 2.3273e-01, 4.0751e-01]])\n",
      "\n"
     ]
    },
    {
     "name": "stderr",
     "output_type": "stream",
     "text": [
      "WARNING:root:That's 100 lines that end in a tokenized period ('.')\n",
      "WARNING:root:It looks like you forgot to detokenize your test data, which may hurt your score.\n",
      "WARNING:root:If you insist your data is detokenized, or don't care, you can suppress this message with '--force'.\n"
     ]
    },
    {
     "name": "stdout",
     "output_type": "stream",
     "text": [
      "Epoch: 1.48, Train Loss: 0.00, Val Loss: 4.75, Train BLEU: 0.00, Val BLEU: 9.24, Minutes Elapsed: 67.40\n",
      "Sampling from val predictions...\n",
      "Source: tôi muốn nó được biết đến bởi công_chúng . <EOS>\n",
      "Reference: i want to make them public . <EOS> <PAD>\n",
      "Model: <SOS> i want to to to . . . <EOS>\n",
      "Attention Weights: tensor([[9.9420e-01, 5.7906e-03, 2.2460e-06, 1.4440e-06, 7.4632e-07, 1.7974e-07,\n",
      "         6.8389e-08, 4.1479e-08, 6.6968e-08, 2.5515e-08],\n",
      "        [4.1085e-03, 9.9522e-01, 5.1466e-04, 1.2767e-04, 2.2893e-05, 2.7911e-06,\n",
      "         9.3116e-07, 2.2692e-07, 1.7056e-07, 1.2627e-07],\n",
      "        [2.2006e-03, 7.9614e-01, 1.3934e-01, 4.8737e-02, 1.2652e-02, 8.1392e-04,\n",
      "         9.8372e-05, 8.6334e-06, 3.4152e-06, 1.5942e-06],\n",
      "        [1.0529e-03, 7.7154e-02, 1.7503e-01, 3.6277e-01, 3.3914e-01, 3.9575e-02,\n",
      "         4.9292e-03, 2.7277e-04, 5.8295e-05, 2.0106e-05],\n",
      "        [9.1510e-06, 1.0690e-03, 1.8939e-02, 1.3235e-01, 4.9674e-01, 2.5234e-01,\n",
      "         9.3601e-02, 4.4905e-03, 3.8161e-04, 7.4998e-05],\n",
      "        [2.7027e-06, 1.3194e-04, 2.1195e-03, 2.9385e-02, 2.5215e-01, 3.5310e-01,\n",
      "         3.1991e-01, 3.9187e-02, 3.3386e-03, 6.7691e-04],\n",
      "        [4.2001e-06, 7.0202e-05, 4.7518e-04, 5.6025e-03, 9.5645e-02, 3.0373e-01,\n",
      "         4.3251e-01, 1.3136e-01, 2.4135e-02, 6.4701e-03],\n",
      "        [4.1846e-07, 2.2631e-05, 2.1367e-04, 2.3409e-03, 2.8115e-02, 1.2724e-01,\n",
      "         3.8195e-01, 3.4899e-01, 7.9277e-02, 3.1853e-02],\n",
      "        [6.4973e-06, 1.2714e-04, 6.1977e-04, 3.6587e-03, 3.1190e-02, 1.0863e-01,\n",
      "         2.6171e-01, 3.8192e-01, 1.2791e-01, 8.4230e-02]])\n",
      "\n",
      "Source: và vì_thế các động_vật ăn_thịt như sư_tử theo sau chúng\n",
      "Reference: so predators like lions follow them , and this\n",
      "Model: <SOS> and so the the , , , the we\n",
      "Attention Weights: tensor([[1.7371e-02, 7.5648e-01, 1.2441e-01, 2.9338e-02, 3.1733e-03, 2.1796e-02,\n",
      "         3.4721e-02, 5.2421e-03, 4.5243e-03, 2.9443e-03],\n",
      "        [2.1750e-03, 7.7130e-01, 2.0659e-01, 1.9789e-02, 9.6458e-05, 2.5165e-05,\n",
      "         1.6455e-05, 4.8450e-06, 2.9549e-06, 2.6329e-06],\n",
      "        [2.9764e-04, 1.1859e-02, 1.4429e-01, 8.1196e-01, 3.1047e-02, 4.6735e-04,\n",
      "         1.4136e-05, 4.0557e-05, 1.3867e-05, 1.2692e-05],\n",
      "        [2.5373e-05, 3.0903e-03, 5.3390e-02, 5.5829e-01, 3.4464e-01, 3.4343e-02,\n",
      "         1.4088e-03, 4.0520e-03, 5.0142e-04, 2.5955e-04],\n",
      "        [1.2496e-07, 4.1433e-06, 9.3328e-05, 3.1215e-03, 7.4381e-02, 3.0330e-01,\n",
      "         8.5769e-02, 3.4379e-01, 1.4068e-01, 4.8872e-02],\n",
      "        [4.5986e-09, 1.3023e-07, 4.2224e-06, 1.0678e-04, 2.6314e-03, 2.3832e-02,\n",
      "         2.2435e-02, 2.1432e-01, 4.6426e-01, 2.7241e-01],\n",
      "        [1.4450e-09, 4.8720e-08, 1.4409e-06, 2.4956e-05, 4.8193e-04, 3.1641e-03,\n",
      "         3.1255e-03, 6.1670e-02, 3.9950e-01, 5.3203e-01],\n",
      "        [1.9734e-09, 7.1932e-08, 2.3478e-06, 3.8248e-05, 5.5007e-04, 2.1805e-03,\n",
      "         1.6518e-03, 3.4113e-02, 2.9116e-01, 6.7030e-01],\n",
      "        [1.6644e-09, 9.4010e-08, 3.1156e-06, 5.3294e-05, 8.7507e-04, 2.5313e-03,\n",
      "         1.4085e-03, 4.0297e-02, 2.5513e-01, 6.9970e-01]])\n",
      "\n"
     ]
    },
    {
     "name": "stderr",
     "output_type": "stream",
     "text": [
      "WARNING:root:That's 100 lines that end in a tokenized period ('.')\n",
      "WARNING:root:It looks like you forgot to detokenize your test data, which may hurt your score.\n",
      "WARNING:root:If you insist your data is detokenized, or don't care, you can suppress this message with '--force'.\n"
     ]
    },
    {
     "name": "stdout",
     "output_type": "stream",
     "text": [
      "Epoch: 1.96, Train Loss: 0.00, Val Loss: 4.55, Train BLEU: 0.00, Val BLEU: 10.39, Minutes Elapsed: 90.76\n",
      "Sampling from val predictions...\n",
      "Source: bạn sẽ kết_luận được gì từ những mẫu này ?\n",
      "Reference: what are you going to get out of those\n",
      "Model: <SOS> do you you you to this this ? ?\n",
      "Attention Weights: tensor([[9.8774e-01, 1.0317e-02, 2.0967e-04, 4.0014e-04, 4.5431e-04, 1.2998e-04,\n",
      "         4.1852e-05, 1.3556e-04, 2.5601e-04, 3.1591e-04],\n",
      "        [1.2853e-01, 8.5254e-01, 1.7124e-02, 1.3461e-03, 3.0450e-04, 8.6342e-05,\n",
      "         3.7459e-05, 1.9689e-05, 8.1277e-06, 5.5860e-06],\n",
      "        [3.9271e-02, 5.5683e-01, 2.9514e-01, 9.4012e-02, 1.3017e-02, 1.2351e-03,\n",
      "         3.6718e-04, 1.0015e-04, 1.7092e-05, 1.2333e-05],\n",
      "        [9.2682e-03, 2.7147e-01, 3.7502e-01, 2.7337e-01, 6.2054e-02, 6.5098e-03,\n",
      "         1.7900e-03, 4.4421e-04, 4.4870e-05, 3.1666e-05],\n",
      "        [6.8176e-04, 2.9317e-03, 3.8648e-02, 2.3446e-01, 5.1100e-01, 1.5413e-01,\n",
      "         4.4314e-02, 1.2911e-02, 6.4015e-04, 2.7901e-04],\n",
      "        [1.1069e-04, 5.0662e-04, 1.7174e-02, 1.1759e-01, 3.7811e-01, 2.8741e-01,\n",
      "         1.4482e-01, 5.0085e-02, 2.9712e-03, 1.2130e-03],\n",
      "        [2.7542e-05, 1.4207e-04, 7.1980e-03, 5.8983e-02, 2.5854e-01, 3.1501e-01,\n",
      "         2.2416e-01, 1.1860e-01, 1.1914e-02, 5.4245e-03],\n",
      "        [4.0780e-05, 6.7772e-05, 2.1042e-03, 1.7879e-02, 1.1184e-01, 2.7909e-01,\n",
      "         2.9289e-01, 2.3715e-01, 3.5199e-02, 2.3737e-02],\n",
      "        [5.0089e-05, 3.9128e-05, 6.6577e-04, 7.0770e-03, 5.0190e-02, 1.6696e-01,\n",
      "         2.5964e-01, 3.3514e-01, 9.0123e-02, 9.0113e-02]])\n",
      "\n",
      "Source: ít_hơn 6 % phụ_nữ tuổi_tôi được học sau trung_học phổ_thông\n",
      "Reference: fewer than six percent of women my age have\n",
      "Model: <SOS> six percent percent percent of the , in ,\n",
      "Attention Weights: tensor([[9.2642e-01, 2.8265e-03, 5.2975e-02, 2.7680e-03, 8.1709e-04, 4.7729e-03,\n",
      "         5.0692e-03, 3.2609e-03, 6.5680e-04, 4.3372e-04],\n",
      "        [7.1425e-02, 3.8655e-02, 8.5102e-01, 3.6223e-02, 1.9117e-03, 4.5357e-04,\n",
      "         1.7885e-04, 1.0442e-04, 1.6458e-05, 8.7146e-06],\n",
      "        [1.8470e-03, 8.5512e-03, 7.8136e-01, 1.7113e-01, 2.5590e-02, 8.5706e-03,\n",
      "         2.3522e-03, 5.5710e-04, 3.5498e-05, 1.1575e-05],\n",
      "        [4.6124e-05, 8.8343e-04, 2.1789e-01, 3.5871e-01, 1.5895e-01, 1.7745e-01,\n",
      "         7.1501e-02, 1.3709e-02, 7.2019e-04, 1.3395e-04],\n",
      "        [1.6413e-05, 1.2687e-04, 2.6896e-02, 1.0022e-01, 1.0201e-01, 3.9218e-01,\n",
