{
 "cells": [
  {
   "cell_type": "code",
   "execution_count": 1,
   "metadata": {},
   "outputs": [],
   "source": [
    "import numpy as np \n",
    "import pandas as pd \n",
    "from data_processing import generate_vocab, process_data, create_dataloaders, text2tokens\n",
    "from model import get_pretrained_emb, EncoderDecoder, EncoderRNN, DecoderRNN, EncoderDecoderAttn, DecoderAttnRNN, \\\n",
    "    DecoderDotAttnRNN\n",
    "from train_eval import count_parameters, summarize_results, plot_single_learning_curve, load_experiment_log\n",
    "from train_eval import train_and_eval\n",
    "import importlib\n",
    "import pickle as pkl \n",
    "import torch"
   ]
  },
  {
   "cell_type": "code",
   "execution_count": 2,
   "metadata": {},
   "outputs": [],
   "source": [
    "# model identification\n",
    "MODEL_NAME = 'zh-seq2seq-rnn-vanilla'\n",
    "SRC_LANG = 'zh'\n",
    "TARG_LANG = 'en'\n",
    "\n",
    "# data processing params  \n",
    "SRC_MAX_SENTENCE_LEN = 10\n",
    "TARG_MAX_SENTENCE_LEN = 10\n",
    "SRC_VOCAB_SIZE = 30000 #30000\n",
    "TARG_VOCAB_SIZE = 30000 #30000\n",
    "\n",
    "# model architecture params \n",
    "RNN_CELL_TYPE = 'gru'\n",
    "NUM_LAYERS = 2 #2 \n",
    "ENC_HIDDEN_DIM = 256 #512\n",
    "DEC_HIDDEN_DIM = 2 * ENC_HIDDEN_DIM #2 * ENC_HIDDEN_DIM \n",
    "TEACHER_FORCING_RATIO = 1\n",
    "CLIP_GRAD_MAX_NORM = 1\n",
    "ENC_DROPOUT = 0.2 # to actually implement\n",
    "DEC_DROPOUT = 0.2 # to actually implement\n",
    "USE_ATTN = True\n",
    "\n",
    "# training params  \n",
    "BATCH_SIZE = 32 #32\n",
    "NUM_EPOCHS = 200\n",
    "LR = 0.0003 # 0.0005\n",
    "OPTIMIZER = 'Adam'\n",
    "LAZY_TRAIN = True"
   ]
  },
  {
   "cell_type": "code",
   "execution_count": 3,
   "metadata": {},
   "outputs": [],
   "source": [
    "# store as dict to save to results later \n",
    "params = {'model_name': MODEL_NAME, 'src_lang': SRC_LANG, 'targ_lang': TARG_LANG, 'rnn_cell_type': RNN_CELL_TYPE, \n",
    "          'src_max_sentence_len': SRC_MAX_SENTENCE_LEN, 'targ_max_sentence_len': TARG_MAX_SENTENCE_LEN, \n",
    "          'src_vocab_size': SRC_VOCAB_SIZE, 'targ_vocab_size': TARG_VOCAB_SIZE, \n",
    "          'num_layers': NUM_LAYERS, 'enc_hidden_dim': ENC_HIDDEN_DIM, 'dec_hidden_dim': DEC_HIDDEN_DIM,\n",
    "          'teacher_forcing_ratio': TEACHER_FORCING_RATIO, 'clip_grad_max_norm': CLIP_GRAD_MAX_NORM,\n",
    "          'enc_dropout': ENC_DROPOUT, 'dec_dropout': DEC_DROPOUT, 'use_attn': USE_ATTN, \n",
    "          'batch_size': BATCH_SIZE, 'num_epochs': NUM_EPOCHS, 'learning_rate': LR, 'optimizer': OPTIMIZER, \n",
    "          'lazy_train': LAZY_TRAIN} "
   ]
  },
  {
   "cell_type": "code",
   "execution_count": 4,
   "metadata": {},
   "outputs": [],
   "source": [
    "# # takes a long time to process, save to pickle for reimport in future \n",
    "# vocab = generate_vocab(SRC_LANG, TARG_LANG, SRC_VOCAB_SIZE, TARG_VOCAB_SIZE)\n",
    "# vocab_filename = \"{}-{}-vocab.p\".format(SRC_LANG, TARG_LANG)\n",
    "# pkl.dump(vocab, open(vocab_filename, \"wb\"))"
   ]
  },
  {
   "cell_type": "code",
   "execution_count": 5,
   "metadata": {},
   "outputs": [],
   "source": [
    "# reload from pickle \n",
    "vocab_filename = \"{}-{}-vocab.p\".format(SRC_LANG, TARG_LANG)\n",
    "vocab = pkl.load(open(vocab_filename, \"rb\"))\n",
    "data = process_data(SRC_LANG, TARG_LANG, SRC_MAX_SENTENCE_LEN, TARG_MAX_SENTENCE_LEN, vocab, filter_long=False)\n",
    "data_minibatch = process_data(SRC_LANG, TARG_LANG, SRC_MAX_SENTENCE_LEN, TARG_MAX_SENTENCE_LEN, vocab, sample_limit=BATCH_SIZE, filter_long=False) \n",
    "data_minitrain = process_data(SRC_LANG, TARG_LANG, SRC_MAX_SENTENCE_LEN, TARG_MAX_SENTENCE_LEN, vocab, sample_limit=1000, filter_long=False)"
   ]
  },
  {
   "cell_type": "code",
   "execution_count": 6,
   "metadata": {},
   "outputs": [],
   "source": [
    "# create dataloaders \n",
    "loaders_full = create_dataloaders(data, SRC_MAX_SENTENCE_LEN, TARG_MAX_SENTENCE_LEN, BATCH_SIZE)\n",
    "loaders_minibatch = create_dataloaders(data_minibatch, SRC_MAX_SENTENCE_LEN, TARG_MAX_SENTENCE_LEN, BATCH_SIZE)\n",
    "loaders_minitrain = create_dataloaders(data_minitrain, SRC_MAX_SENTENCE_LEN, TARG_MAX_SENTENCE_LEN, BATCH_SIZE)"
   ]
  },
  {
   "cell_type": "code",
   "execution_count": 10,
   "metadata": {},
   "outputs": [],
   "source": [
    "# define model \n",
    "\n",
    "encoder = EncoderRNN(rnn_cell_type=RNN_CELL_TYPE, enc_hidden_dim=ENC_HIDDEN_DIM, num_layers=NUM_LAYERS, \n",
    "                     src_max_sentence_len=SRC_MAX_SENTENCE_LEN, enc_dropout=ENC_DROPOUT, \n",
    "                     pretrained_word2vec=get_pretrained_emb(vocab[SRC_LANG]['word2vec'], vocab[SRC_LANG]['token2id']))\n",
    "\n",
    "# without attention \n",
    "decoder = DecoderRNN(dec_hidden_dim=DEC_HIDDEN_DIM, enc_hidden_dim=ENC_HIDDEN_DIM, num_layers=NUM_LAYERS,\n",
    "                     targ_vocab_size=TARG_VOCAB_SIZE, targ_max_sentence_len=TARG_MAX_SENTENCE_LEN, \n",
    "                     pretrained_word2vec=get_pretrained_emb(vocab[TARG_LANG]['word2vec'], vocab[TARG_LANG]['token2id']))\n",
    "model = EncoderDecoder(encoder, decoder, vocab[TARG_LANG]['token2id'])\n",
    "\n",
    "# with attention \n",
    "# decoder = DecoderAttnRNN(rnn_cell_type=RNN_CELL_TYPE, dec_hidden_dim=DEC_HIDDEN_DIM, enc_hidden_dim=ENC_HIDDEN_DIM, \n",
    "#                          num_layers=NUM_LAYERS, targ_vocab_size=TARG_VOCAB_SIZE, src_max_sentence_len=SRC_MAX_SENTENCE_LEN, \n",
    "#                          targ_max_sentence_len=TARG_MAX_SENTENCE_LEN, dec_dropout=DEC_DROPOUT, \n",
    "#                          pretrained_word2vec=get_pretrained_emb(vocab[TARG_LANG]['word2vec'], vocab[TARG_LANG]['token2id']))\n",
    "# model = EncoderDecoderAttn(encoder, decoder, vocab[TARG_LANG]['token2id']) \n",
    "\n",
    "# with dot attention \n",
    "decoder = DecoderDotAttnRNN(rnn_cell_type=RNN_CELL_TYPE, dec_hidden_dim=DEC_HIDDEN_DIM, enc_hidden_dim=ENC_HIDDEN_DIM, \n",
    "                         num_layers=NUM_LAYERS, targ_vocab_size=TARG_VOCAB_SIZE, src_max_sentence_len=SRC_MAX_SENTENCE_LEN, \n",
    "                         targ_max_sentence_len=TARG_MAX_SENTENCE_LEN, dec_dropout=DEC_DROPOUT, \n",
    "                         pretrained_word2vec=get_pretrained_emb(vocab[TARG_LANG]['word2vec'], vocab[TARG_LANG]['token2id']))\n",
    "model = EncoderDecoderAttn(encoder, decoder, vocab[TARG_LANG]['token2id']) "
   ]
  },
  {
   "cell_type": "code",
   "execution_count": 11,
   "metadata": {
    "scrolled": false
   },
   "outputs": [
    {
     "name": "stdout",
     "output_type": "stream",
     "text": [
      "Epoch: 0.00, Train Loss: 10.16, Val Loss: 10.26, Train BLEU: 0.30, Val BLEU: 0.20, Minutes Elapsed: 0.05\n",
      "Sampling from training predictions...\n",
      "Source: 其实 它们 都 是 由 单独 的 动物 结合 合在\n",
      "Reference: these are all individual animals banding together to make\n",
      "Model: <SOS> it the the the the the the the the\n",
      "Attention Weights: tensor([[3.9910e-05, 2.9069e-03, 1.0208e-01, 3.6750e-01, 4.0648e-01, 8.8430e-02,\n",
      "         3.1263e-02, 1.2789e-03, 2.3951e-05, 9.3850e-08],\n",
      "        [3.3833e-03, 2.6489e-02, 1.5200e-01, 2.8847e-01, 2.9621e-01, 1.3614e-01,\n",
      "         7.9065e-02, 1.5985e-02, 2.1182e-03, 1.4055e-04],\n",
      "        [2.2636e-02, 6.5902e-02, 1.6035e-01, 2.2654e-01, 2.2016e-01, 1.4209e-01,\n",
      "         1.0183e-01, 4.2611e-02, 1.4208e-02, 3.6687e-03],\n",
      "        [3.5100e-02, 7.6346e-02, 1.4396e-01, 1.8920e-01, 1.8635e-01, 1.4278e-01,\n",
      "         1.1560e-01, 6.4330e-02, 3.2909e-02, 1.3419e-02],\n",
      "        [3.6192e-02, 7.1498e-02, 1.2580e-01, 1.6447e-01, 1.6782e-01, 1.4454e-01,\n",
      "         1.2899e-01, 8.2730e-02, 5.2829e-02, 2.5131e-02],\n",
      "        [3.4842e-02, 6.5937e-02, 1.1330e-01, 1.4821e-01, 1.5572e-01, 1.4482e-01,\n",
      "         1.3819e-01, 9.6254e-02, 6.8801e-02, 3.3936e-02],\n",
      "        [3.2958e-02, 6.0933e-02, 1.0473e-01, 1.3877e-01, 1.4950e-01, 1.4545e-01,\n",
      "         1.4536e-01, 1.0489e-01, 7.9364e-02, 3.8047e-02],\n",
      "        [3.5323e-02, 6.2464e-02, 1.0368e-01, 1.3523e-01, 1.4496e-01, 1.4176e-01,\n",
      "         1.4494e-01, 1.0695e-01, 8.4497e-02, 4.0204e-02],\n",
      "        [3.8972e-02, 6.5427e-02, 1.0371e-01, 1.3185e-01, 1.4031e-01, 1.3841e-01,\n",
      "         1.4283e-01, 1.0750e-01, 8.7823e-02, 4.3167e-02]],\n",
      "       grad_fn=<SelectBackward>)\n",
      "\n",
      "Sampling from val predictions...\n",
      "Source: 她 两年 年前 退休 了 结果 却 把 我家 变成\n",
      "Reference: she retired two years ago , only to turn\n",
      "Model: <SOS> it the the the the the the the the\n",
      "Attention Weights: tensor([[0.0212, 0.4555, 0.4040, 0.1092, 0.0100, 0.0001, 0.0000, 0.0000, 0.0000,\n",
      "         0.0000],\n",
      "        [0.0829, 0.3607, 0.3299, 0.1695, 0.0505, 0.0066, 0.0000, 0.0000, 0.0000,\n",
      "         0.0000],\n",
      "        [0.1425, 0.2851, 0.2614, 0.1830, 0.0933, 0.0347, 0.0000, 0.0000, 0.0000,\n",
      "         0.0000],\n",
      "        [0.1552, 0.2388, 0.2259, 0.1895, 0.1270, 0.0636, 0.0000, 0.0000, 0.0000,\n",
      "         0.0000],\n",
      "        [0.1459, 0.2120, 0.2094, 0.1962, 0.1525, 0.0841, 0.0000, 0.0000, 0.0000,\n",
      "         0.0000],\n",
      "        [0.1340, 0.1954, 0.2003, 0.2007, 0.1717, 0.0978, 0.0000, 0.0000, 0.0000,\n",
      "         0.0000],\n",
      "        [0.1266, 0.1853, 0.1942, 0.2021, 0.1840, 0.1079, 0.0000, 0.0000, 0.0000,\n",
      "         0.0000],\n",
      "        [0.1174, 0.1817, 0.1942, 0.2061, 0.1923, 0.1083, 0.0000, 0.0000, 0.0000,\n",
      "         0.0000],\n",
      "        [0.1115, 0.1744, 0.1918, 0.2080, 0.1991, 0.1153, 0.0000, 0.0000, 0.0000,\n",
      "         0.0000]], grad_fn=<SelectBackward>)\n",
      "\n",
      "Epoch: 1.00, Train Loss: 9.99, Val Loss: 10.19, Train BLEU: 0.31, Val BLEU: 0.20, Minutes Elapsed: 0.09\n",
      "Sampling from training predictions...\n",
      "Source: 底下 这些 都 是 <UNK> 它们 上上 上上下下 上下 下下\n",
      "Reference: it &apos;s got these fishing <UNK> on the bottom\n",
      "Model: <SOS> the the the the the the the the the\n",
      "Attention Weights: tensor([[4.1325e-03, 1.1091e-01, 7.3930e-01, 1.4389e-01, 5.9147e-04, 9.5631e-04,\n",
      "         3.7272e-05, 1.2331e-04, 6.1577e-05, 1.5662e-06],\n",
      "        [3.4370e-02, 1.8546e-01, 5.1755e-01, 2.2003e-01, 1.4319e-02, 1.6924e-02,\n",
      "         3.0002e-03, 5.1872e-03, 2.8632e-03, 2.9867e-04],\n",
      "        [7.3485e-02, 1.9481e-01, 3.6566e-01, 2.2060e-01, 4.6708e-02, 4.8662e-02,\n",
      "         1.5888e-02, 2.0227e-02, 1.1758e-02, 2.1926e-03],\n",
      "        [7.0605e-02, 1.6259e-01, 2.9426e-01, 2.2104e-01, 8.0806e-02, 7.3739e-02,\n",
      "         2.9550e-02, 3.6821e-02, 2.4479e-02, 6.1154e-03],\n",
      "        [5.9875e-02, 1.1845e-01, 2.0472e-01, 1.9261e-01, 1.2929e-01, 1.1771e-01,\n",
      "         5.9378e-02, 6.1690e-02, 4.2672e-02, 1.3601e-02],\n",
      "        [5.2185e-02, 1.0627e-01, 1.9002e-01, 1.9145e-01, 1.4022e-01, 1.1964e-01,\n",
      "         6.3007e-02, 6.8992e-02, 5.0938e-02, 1.7262e-02],\n",
      "        [4.6431e-02, 1.0265e-01, 1.9699e-01, 2.0746e-01, 1.4204e-01, 1.0909e-01,\n",
      "         5.5667e-02, 6.6934e-02, 5.3138e-02, 1.9590e-02],\n",
      "        [4.6166e-02, 1.0127e-01, 1.9235e-01, 2.0509e-01, 1.4202e-01, 1.0594e-01,\n",
      "         5.6395e-02, 6.9791e-02, 5.8011e-02, 2.2956e-02],\n",
      "        [4.1055e-02, 9.1742e-02, 1.8169e-01, 2.0579e-01, 1.4578e-01, 1.0848e-01,\n",
      "         5.6778e-02, 7.3627e-02, 6.7194e-02, 2.7858e-02]],\n",
      "       grad_fn=<SelectBackward>)\n",
      "\n",
      "Sampling from val predictions...\n",
      "Source: 你 现在 可以 去 个 真正 的 学校 念书 了\n",
      "Reference: &quot; you can go to a real school now\n",
      "Model: <SOS> the the the the the the the the the\n",
      "Attention Weights: tensor([[3.4634e-09, 3.5991e-09, 2.4168e-08, 3.1578e-08, 3.5816e-05, 1.3406e-02,\n",
      "         2.6212e-01, 6.2154e-01, 1.0242e-01, 4.8537e-04],\n",
      "        [1.3647e-05, 1.8707e-05, 4.4003e-05, 6.3681e-05, 3.2457e-03, 6.9169e-02,\n",
      "         3.1965e-01, 4.4822e-01, 1.5171e-01, 7.8718e-03],\n",
      "        [3.9770e-04, 5.4980e-04, 7.3095e-04, 1.3455e-03, 2.0845e-02, 1.2909e-01,\n",
      "         3.1883e-01, 3.5153e-01, 1.5484e-01, 2.1835e-02],\n",
      "        [1.5641e-03, 2.0153e-03, 1.9942e-03, 3.7842e-03, 3.6158e-02, 1.4792e-01,\n",
      "         3.0087e-01, 3.1691e-01, 1.5623e-01, 3.2543e-02],\n",
      "        [3.1351e-03, 3.8497e-03, 3.3562e-03, 6.0905e-03, 4.2686e-02, 1.4706e-01,\n",
      "         2.8212e-01, 3.0458e-01, 1.6494e-01, 4.2188e-02],\n",
      "        [4.3188e-03, 5.1891e-03, 4.2178e-03, 6.9969e-03, 4.2658e-02, 1.4246e-01,\n",
      "         2.7304e-01, 3.0252e-01, 1.7173e-01, 4.6872e-02],\n",
      "        [5.2366e-03, 5.9962e-03, 4.8890e-03, 7.6171e-03, 4.1905e-02, 1.3760e-01,\n",
      "         2.6485e-01, 3.0155e-01, 1.7880e-01, 5.1558e-02],\n",
      "        [6.1737e-03, 6.8441e-03, 5.9003e-03, 8.9455e-03, 4.3784e-02, 1.3562e-01,\n",
      "         2.5610e-01, 2.9639e-01, 1.8341e-01, 5.6843e-02],\n",
      "        [6.5474e-03, 7.1590e-03, 6.1965e-03, 9.2342e-03, 4.3208e-02, 1.3321e-01,\n",
      "         2.5296e-01, 2.9599e-01, 1.8701e-01, 5.8491e-02]],\n",
      "       grad_fn=<SelectBackward>)\n",
      "\n",
      "Epoch: 2.00, Train Loss: 9.77, Val Loss: 10.10, Train BLEU: 0.28, Val BLEU: 0.19, Minutes Elapsed: 0.13\n",
      "Sampling from training predictions...\n",
      "Source: 原来 它 是 海洋 洋中 最长 的 生物 <EOS> <PAD>\n",
      "Reference: this turns out to be the longest creature in\n",
      "Model: <SOS> the the the the the the the the the\n",
      "Attention Weights: tensor([[0.0000, 0.0825, 0.7582, 0.1357, 0.0013, 0.0172, 0.0050, 0.0000, 0.0000,\n",
      "         0.0000],\n",
      "        [0.0013, 0.1481, 0.5189, 0.1696, 0.0133, 0.1038, 0.0442, 0.0008, 0.0000,\n",
      "         0.0000],\n",
      "        [0.0055, 0.1622, 0.3681, 0.1494, 0.0286, 0.1908, 0.0911, 0.0044, 0.0001,\n",
      "         0.0000],\n",
      "        [0.0081, 0.1480, 0.3096, 0.1519, 0.0400, 0.2086, 0.1227, 0.0108, 0.0004,\n",
      "         0.0000],\n",
      "        [0.0105, 0.1412, 0.2844, 0.1591, 0.0466, 0.1970, 0.1409, 0.0191, 0.0013,\n",
      "         0.0000],\n",
      "        [0.0118, 0.1355, 0.2717, 0.1644, 0.0501, 0.1828, 0.1537, 0.0274, 0.0026,\n",
      "         0.0000],\n",
      "        [0.0117, 0.1304, 0.2696, 0.1713, 0.0506, 0.1670, 0.1614, 0.0343, 0.0038,\n",
      "         0.0000],\n",
      "        [0.0113, 0.1264, 0.2708, 0.1762, 0.0492, 0.1548, 0.1675, 0.0393, 0.0045,\n",
      "         0.0000],\n",
      "        [0.0109, 0.1225, 0.2689, 0.1784, 0.0483, 0.1472, 0.1735, 0.0447, 0.0056,\n",
      "         0.0000]], grad_fn=<SelectBackward>)\n",
      "\n",
      "Sampling from val predictions...\n",
      "Source: 我 的 父亲 在 用 他 的 灰色 小 收音\n",
      "Reference: my father was listening to bbc news on his\n",
      "Model: <SOS> the the the the the the the the the\n",
      "Attention Weights: tensor([[2.3219e-09, 1.3391e-08, 8.3144e-06, 2.3573e-04, 2.9033e-05, 1.2875e-02,\n",
      "         5.9756e-01, 2.8945e-01, 9.9769e-02, 7.2622e-05],\n",
      "        [4.7633e-06, 1.4862e-05, 6.5632e-04, 4.0196e-03, 1.0513e-03, 5.2660e-02,\n",
      "         4.9220e-01, 3.0427e-01, 1.4351e-01, 1.6129e-03],\n",
      "        [9.7655e-05, 2.3195e-04, 3.5066e-03, 1.1354e-02, 3.9668e-03, 8.7747e-02,\n",
      "         4.3133e-01, 2.9840e-01, 1.5815e-01, 5.2170e-03],\n",
      "        [3.5361e-04, 8.3906e-04, 7.0336e-03, 1.7580e-02, 7.3612e-03, 1.0410e-01,\n",
      "         3.8787e-01, 2.9077e-01, 1.7473e-01, 9.3677e-03],\n",
      "        [8.6229e-04, 2.1493e-03, 1.1634e-02, 2.4735e-02, 1.1431e-02, 1.1118e-01,\n",
      "         3.4905e-01, 2.8365e-01, 1.9075e-01, 1.4563e-02],\n",
      "        [1.5229e-03, 3.9418e-03, 1.5778e-02, 3.0048e-02, 1.4835e-02, 1.1213e-01,\n",
      "         3.2056e-01, 2.7722e-01, 2.0389e-01, 2.0064e-02],\n",
      "        [2.1193e-03, 5.4893e-03, 1.8366e-02, 3.2224e-02, 1.5826e-02, 1.0595e-01,\n",
      "         2.9527e-01, 2.7599e-01, 2.2208e-01, 2.6688e-02],\n",
      "        [2.8772e-03, 7.3727e-03, 2.1493e-02, 3.5228e-02, 1.6843e-02, 1.0272e-01,\n",
      "         2.8039e-01, 2.7120e-01, 2.3034e-01, 3.1536e-02],\n",
      "        [2.9420e-03, 8.1627e-03, 2.1898e-02, 3.4538e-02, 1.7038e-02, 1.0060e-01,\n",
      "         2.7496e-01, 2.6917e-01, 2.3709e-01, 3.3604e-02]],\n",
      "       grad_fn=<SelectBackward>)\n",
      "\n"
     ]
    },
    {
     "name": "stdout",
     "output_type": "stream",
     "text": [
      "Epoch: 3.00, Train Loss: 9.49, Val Loss: 9.98, Train BLEU: 0.28, Val BLEU: 0.19, Minutes Elapsed: 0.18\n",
      "Sampling from training predictions...\n",
      "Source: 大部 大部分 部分 的 动物 也 都 生活 在 海洋\n",
      "Reference: most of the animals are in the oceans .\n",
      "Model: <SOS> the the the the the the the the the\n",
      "Attention Weights: tensor([[4.4584e-16, 2.4386e-11, 8.6877e-07, 2.9402e-03, 3.0255e-02, 7.6506e-01,\n",
      "         2.0142e-01, 3.2837e-04, 5.6051e-07, 2.9604e-13],\n",
      "        [1.9850e-10, 1.8560e-07, 1.4400e-04, 2.0886e-02, 8.5475e-02, 6.5590e-01,\n",
      "         2.3399e-01, 3.5379e-03, 6.7646e-05, 7.9794e-09],\n",
      "        [3.8896e-08, 7.0878e-06, 1.1895e-03, 4.6502e-02, 1.2730e-01, 5.9404e-01,\n",
      "         2.2287e-01, 7.6905e-03, 4.0198e-04, 4.3180e-07],\n",
      "        [4.1802e-07, 3.6872e-05, 3.0814e-03, 6.5660e-02, 1.4562e-01, 5.5369e-01,\n",
      "         2.1953e-01, 1.1346e-02, 1.0307e-03, 3.5780e-06],\n",
      "        [1.4691e-06, 8.8874e-05, 5.0601e-03, 7.8309e-02, 1.5344e-01, 5.2691e-01,\n",
      "         2.2002e-01, 1.4316e-02, 1.8415e-03, 1.2878e-05],\n",
      "        [3.3257e-06, 1.5586e-04, 6.8188e-03, 8.6183e-02, 1.5651e-01, 5.0674e-01,\n",
      "         2.2351e-01, 1.7228e-02, 2.8206e-03, 3.1501e-05],\n",
      "        [6.2624e-06, 2.3616e-04, 8.3702e-03, 9.0711e-02, 1.5745e-01, 4.9011e-01,\n",
      "         2.2853e-01, 2.0496e-02, 4.0311e-03, 6.3657e-05],\n",
      "        [8.4587e-06, 2.8727e-04, 9.1484e-03, 9.2445e-02, 1.5734e-01, 4.8049e-01,\n",
      "         2.3256e-01, 2.2661e-02, 4.9676e-03, 9.4991e-05],\n",
      "        [9.6419e-06, 3.1442e-04, 9.5559e-03, 9.3879e-02, 1.5743e-01, 4.7393e-01,\n",
      "         2.3522e-01, 2.3892e-02, 5.6513e-03, 1.2045e-04]],\n",
      "       grad_fn=<SelectBackward>)\n",
      "\n",
      "Sampling from val predictions...\n",
      "Source: 我们 在 被 跟踪 吗 <EOS> <PAD> <PAD> <PAD> <PAD>\n",
      "Reference: were we being followed ? <EOS> <PAD> <PAD> <PAD>\n",
      "Model: <SOS> the the the the the the the the the\n",
      "Attention Weights: tensor([[3.4811e-09, 2.6666e-03, 4.0976e-01, 5.8559e-01, 1.9834e-03, 2.5603e-06,\n",
      "         1.9661e-11, 6.5345e-12, 6.8665e-09, 1.8069e-12],\n",
      "        [3.9683e-06, 1.9198e-02, 4.4087e-01, 5.2521e-01, 1.4465e-02, 2.5399e-04,\n",
      "         1.4597e-07, 9.2665e-08, 4.7692e-06, 2.6080e-08],\n",
      "        [6.4881e-05, 4.2501e-02, 4.5069e-01, 4.7746e-01, 2.7813e-02, 1.4050e-03,\n",
      "         4.1114e-06, 3.8077e-06, 6.1418e-05, 1.2048e-06],\n",
      "        [1.8929e-04, 5.4986e-02, 4.3816e-01, 4.6364e-01, 3.9303e-02, 3.3930e-03,\n",
      "         2.3598e-05, 3.0100e-05, 2.7366e-04, 1.1265e-05],\n",
      "        [3.2380e-04, 6.1242e-02, 4.2204e-01, 4.5929e-01, 4.9968e-02, 6.2072e-03,\n",
      "         7.4911e-05, 1.1223e-04, 6.9363e-04, 4.4667e-05],\n",
      "        [4.4124e-04, 6.3831e-02, 4.0614e-01, 4.5831e-01, 5.9884e-02, 9.5125e-03,\n",
      "         1.6496e-04, 2.7645e-04, 1.3226e-03, 1.1657e-04],\n",
      "        [5.5334e-04, 6.3547e-02, 3.8596e-01, 4.6082e-01, 7.2069e-02, 1.3770e-02,\n",
      "         3.0347e-04, 5.3620e-04, 2.1934e-03, 2.4852e-04],\n",
      "        [6.6630e-04, 6.3563e-02, 3.7088e-01, 4.6042e-01, 8.1956e-02, 1.7692e-02,\n",
      "         4.5981e-04, 8.5132e-04, 3.0937e-03, 4.1744e-04],\n",
      "        [7.0178e-04, 6.3138e-02, 3.6585e-01, 4.5927e-01, 8.5541e-02, 1.9619e-02,\n",
      "         5.6498e-04, 1.0726e-03, 3.6941e-03, 5.4573e-04]],\n",
      "       grad_fn=<SelectBackward>)\n",
      "\n",
      "Epoch: 4.00, Train Loss: 9.16, Val Loss: 9.84, Train BLEU: 0.28, Val BLEU: 0.19, Minutes Elapsed: 0.22\n",
      "Sampling from training predictions...\n",
      "Source: 大卫 <UNK> 这位 是 比尔 <UNK> 我 是 大卫 <UNK>\n",
      "Reference: this is bill lange . i &apos;m dave gallo\n",
      "Model: <SOS> the the the the the the the the the\n",
      "Attention Weights: tensor([[1.0546e-10, 4.4185e-08, 6.5183e-04, 3.6161e-02, 1.0788e-05, 5.5339e-04,\n",
      "         8.6062e-01, 1.0200e-01, 9.2916e-06, 2.2911e-12],\n",
      "        [1.5914e-07, 5.9610e-06, 5.0342e-03, 7.7325e-02, 2.9300e-04, 4.0402e-03,\n",
      "         7.7136e-01, 1.4173e-01, 2.0752e-04, 5.4706e-09],\n",
      "        [1.7817e-06, 2.6821e-05, 9.8723e-03, 9.6264e-02, 7.9113e-04, 6.6536e-03,\n",
      "         7.4043e-01, 1.4546e-01, 4.9457e-04, 6.1697e-08],\n",
      "        [3.4222e-06, 4.2921e-05, 9.5956e-03, 7.8987e-02, 8.6280e-04, 8.4855e-03,\n",
      "         7.3533e-01, 1.6578e-01, 9.1156e-04, 2.7379e-07],\n",
      "        [4.3700e-06, 5.5495e-05, 8.2839e-03, 6.2713e-02, 8.3141e-04, 1.0421e-02,\n",
      "         7.2566e-01, 1.9052e-01, 1.5085e-03, 8.1701e-07],\n",
      "        [6.1976e-06, 7.9048e-05, 8.2742e-03, 5.7817e-02, 8.9699e-04, 1.2587e-02,\n",
      "         7.0283e-01, 2.1511e-01, 2.3964e-03, 2.0573e-06],\n",
      "        [8.0142e-06, 9.9158e-05, 8.3919e-03, 5.4921e-02, 9.3519e-04, 1.3697e-02,\n",
      "         6.8308e-01, 2.3554e-01, 3.3279e-03, 3.8045e-06],\n",
      "        [7.2259e-06, 1.0118e-04, 7.2919e-03, 4.6384e-02, 8.2381e-04, 1.4809e-02,\n",
      "         6.7413e-01, 2.5238e-01, 4.0655e-03, 5.6250e-06],\n",
      "        [6.3836e-06, 9.7216e-05, 6.3902e-03, 4.0411e-02, 7.3758e-04, 1.5224e-02,\n",
      "         6.6283e-01, 2.6947e-01, 4.8304e-03, 7.5914e-06]],\n",
      "       grad_fn=<SelectBackward>)\n",
      "\n",
      "Sampling from val predictions...\n",
      "Source: 你 现在 可以 去 个 真正 的 学校 念书 了\n",
      "Reference: &quot; you can go to a real school now\n",
      "Model: <SOS> the the the the the the the the the\n",
      "Attention Weights: tensor([[4.4110e-22, 3.1030e-22, 1.1527e-19, 1.4646e-17, 1.1065e-09, 6.4678e-04,\n",
      "         2.7099e-01, 7.2420e-01, 4.1660e-03, 7.2211e-09],\n",
      "        [5.1215e-15, 5.7228e-15, 1.8220e-13, 1.2224e-11, 2.5259e-06, 1.2202e-02,\n",
      "         4.5453e-01, 5.2386e-01, 9.4016e-03, 9.4820e-07],\n",
      "        [1.3185e-12, 1.4208e-12, 1.3892e-11, 1.1200e-09, 4.0165e-05, 3.6330e-02,\n",
      "         5.4533e-01, 4.0978e-01, 8.5216e-03, 2.7545e-06],\n",
      "        [1.6053e-11, 1.7494e-11, 8.1631e-11, 5.5976e-09, 1.0138e-04, 5.0675e-02,\n",
      "         5.6555e-01, 3.7530e-01, 8.3681e-03, 4.5852e-06],\n",
      "        [7.6277e-11, 8.5467e-11, 2.5748e-10, 1.4783e-08, 1.6396e-04, 5.8276e-02,\n",
      "         5.6404e-01, 3.6822e-01, 9.2907e-03, 7.5111e-06],\n",
      "        [1.9202e-10, 2.2724e-10, 5.0882e-10, 2.4400e-08, 2.0171e-04, 6.0605e-02,\n",
      "         5.5740e-01, 3.7129e-01, 1.0482e-02, 1.0971e-05],\n",
      "        [3.6636e-10, 4.3610e-10, 8.2955e-10, 3.5475e-08, 2.3328e-04, 6.1793e-02,\n",
      "         5.4886e-01, 3.7721e-01, 1.1881e-02, 1.5389e-05],\n",
      "        [5.9938e-10, 7.0112e-10, 1.2535e-09, 5.0907e-08, 2.7327e-04, 6.3736e-02,\n",
      "         5.4190e-01, 3.8092e-01, 1.3155e-02, 2.0238e-05],\n",
      "        [7.8390e-10, 9.5871e-10, 1.5615e-09, 5.9074e-08, 2.8260e-04, 6.2789e-02,\n",
      "         5.3470e-01, 3.8778e-01, 1.4419e-02, 2.4777e-05]],\n",
      "       grad_fn=<SelectBackward>)\n",
      "\n",
      "Epoch: 5.00, Train Loss: 8.79, Val Loss: 9.69, Train BLEU: 0.28, Val BLEU: 0.19, Minutes Elapsed: 0.27\n",
      "Sampling from training predictions...\n",
      "Source: 我们 这 有 不少 精彩 的 泰坦 泰坦尼克 坦尼 尼克\n",
      "Reference: we &apos;ve got some of the most incredible video\n",
      "Model: <SOS> the the the the the the the the the\n",
      "Attention Weights: tensor([[2.7052e-11, 1.8361e-03, 7.9453e-01, 1.9394e-01, 9.6819e-03, 1.1131e-05,\n",
      "         4.3297e-13, 8.6130e-24, 2.9944e-27, 5.1839e-28],\n",
      "        [2.6612e-08, 6.8663e-03, 5.8523e-01, 3.4175e-01, 6.5496e-02, 6.6303e-04,\n",
      "         9.4320e-09, 1.5237e-15, 3.7321e-18, 7.7336e-19],\n",
      "        [1.7157e-07, 8.0564e-03, 4.5470e-01, 3.9581e-01, 1.3827e-01, 3.1647e-03,\n",
      "         4.2428e-07, 1.6894e-12, 6.5499e-15, 1.7546e-15],\n",
      "        [2.0557e-07, 6.1576e-03, 3.5033e-01, 4.1304e-01, 2.2184e-01, 8.6214e-03,\n",
      "         3.9232e-06, 6.9742e-11, 2.2118e-13, 7.1512e-14],\n",
      "        [2.4805e-07, 5.7678e-03, 3.0918e-01, 4.0215e-01, 2.6845e-01, 1.4438e-02,\n",
      "         1.3118e-05, 5.0213e-10, 1.4160e-12, 5.5132e-13],\n",
      "        [2.3963e-07, 4.9253e-03, 2.6655e-01, 3.9209e-01, 3.1466e-01, 2.1736e-02,\n",
      "         3.3038e-05, 2.2715e-09, 6.1394e-12, 2.4784e-12],\n",
      "        [2.3125e-07, 4.4081e-03, 2.3974e-01, 3.8185e-01, 3.4572e-01, 2.8224e-02,\n",
      "         6.0427e-05, 6.0121e-09, 1.6077e-11, 6.5601e-12],\n",
      "        [2.1539e-07, 4.0040e-03, 2.2034e-01, 3.7295e-01, 3.6839e-01, 3.4225e-02,\n",
      "         9.2711e-05, 1.1780e-08, 3.0520e-11, 1.2620e-11],\n",
      "        [2.1273e-07, 3.8298e-03, 2.1019e-01, 3.6720e-01, 3.8039e-01, 3.8273e-02,\n",
      "         1.2127e-04, 1.7920e-08, 4.7250e-11, 2.0035e-11]],\n",
      "       grad_fn=<SelectBackward>)\n",
      "\n",
      "Sampling from val predictions...\n",
      "Source: 对 他 来说 孩子 不 接受 受教 教育 <UNK> 是\n",
      "Reference: to him , there was greater risk in not\n",
      "Model: <SOS> the the the the the the the the the\n",
      "Attention Weights: tensor([[0.0000, 0.0365, 0.6340, 0.3284, 0.0012, 0.0000, 0.0000, 0.0000, 0.0000,\n",
      "         0.0000],\n",
      "        [0.0000, 0.0768, 0.5341, 0.3810, 0.0081, 0.0000, 0.0000, 0.0000, 0.0000,\n",
      "         0.0000],\n",
      "        [0.0000, 0.0960, 0.4798, 0.4066, 0.0175, 0.0000, 0.0000, 0.0000, 0.0000,\n",
      "         0.0000],\n",
      "        [0.0000, 0.0875, 0.4247, 0.4526, 0.0351, 0.0000, 0.0000, 0.0000, 0.0000,\n",
      "         0.0000],\n",
      "        [0.0001, 0.0834, 0.3917, 0.4705, 0.0542, 0.0000, 0.0000, 0.0000, 0.0000,\n",
      "         0.0000],\n",
      "        [0.0001, 0.0756, 0.3631, 0.4862, 0.0750, 0.0000, 0.0000, 0.0000, 0.0000,\n",
      "         0.0000],\n",
      "        [0.0001, 0.0737, 0.3487, 0.4900, 0.0874, 0.0001, 0.0000, 0.0000, 0.0000,\n",
      "         0.0000],\n",
      "        [0.0001, 0.0714, 0.3366, 0.4929, 0.0989, 0.0001, 0.0000, 0.0000, 0.0000,\n",
      "         0.0000],\n",
      "        [0.0001, 0.0666, 0.3238, 0.4988, 0.1107, 0.0001, 0.0000, 0.0000, 0.0000,\n",
      "         0.0000]], grad_fn=<SelectBackward>)\n",
      "\n"
     ]
    },
    {
     "name": "stdout",
     "output_type": "stream",
     "text": [
      "Epoch: 6.00, Train Loss: 8.42, Val Loss: 9.54, Train BLEU: 0.28, Val BLEU: 0.19, Minutes Elapsed: 0.32\n",
      "Sampling from training predictions...\n",
      "Source: 泰坦 泰坦尼克 泰坦尼克号 坦尼 尼克 号 是 拿 了 不少\n",
      "Reference: the truth of the matter is that the titanic\n",
      "Model: <SOS> the the the the the the the the the\n",
      "Attention Weights: tensor([[5.6471e-34, 3.1455e-34, 1.3270e-29, 2.5074e-25, 6.7483e-13, 1.3452e-04,\n",
      "         4.0460e-01, 5.9519e-01, 7.3319e-05, 2.3104e-14],\n",
      "        [5.2461e-23, 6.0788e-23, 2.7972e-20, 8.1447e-17, 2.6119e-08, 5.6843e-03,\n",
      "         6.3813e-01, 3.5587e-01, 3.1553e-04, 7.4121e-11],\n",
      "        [1.8207e-19, 2.1727e-19, 1.4556e-17, 3.5304e-14, 8.4146e-07, 2.0137e-02,\n",
      "         7.2293e-01, 2.5660e-01, 3.3014e-04, 5.0103e-10],\n",
      "        [6.2726e-18, 8.3116e-18, 1.9769e-16, 3.5868e-13, 2.8573e-06, 3.0305e-02,\n",
      "         7.3599e-01, 2.3334e-01, 3.6601e-04, 1.3038e-09],\n",
      "        [4.4454e-17, 6.3081e-17, 8.4591e-16, 1.2665e-12, 5.2419e-06, 3.6274e-02,\n",
      "         7.3322e-01, 2.3007e-01, 4.3088e-04, 2.6254e-09],\n",
      "        [1.3553e-16, 2.0765e-16, 1.9423e-15, 2.4760e-12, 6.8875e-06, 3.8373e-02,\n",
      "         7.2517e-01, 2.3593e-01, 5.1829e-04, 4.5991e-09],\n",
      "        [2.6472e-16, 4.1504e-16, 3.1635e-15, 3.6853e-12, 8.0819e-06, 3.9590e-02,\n",
      "         7.1878e-01, 2.4103e-01, 5.9258e-04, 6.7502e-09],\n",
      "        [3.9574e-16, 6.1789e-16, 4.2547e-15, 4.8107e-12, 9.1066e-06, 4.0757e-02,\n",
      "         7.1541e-01, 2.4319e-01, 6.3936e-04, 8.4773e-09],\n",
      "        [5.2867e-16, 8.7638e-16, 5.3790e-15, 5.6861e-12, 9.4643e-06, 4.0330e-02,\n",
      "         7.0944e-01, 2.4950e-01, 7.1226e-04, 1.1014e-08]],\n",
      "       grad_fn=<SelectBackward>)\n",
      "\n",
      "Sampling from val predictions...\n",
      "Source: 我 想 过 要 放弃 但 我 的 父亲 这时\n",
      "Reference: i would want to quit , but my father\n",
      "Model: <SOS> the the the the the the the the the\n",
      "Attention Weights: tensor([[1.5899e-15, 8.8634e-08, 1.2757e-02, 1.7273e-01, 8.1363e-01, 8.8277e-04,\n",
      "         3.1539e-08, 3.7214e-15, 8.1442e-31, 3.3729e-39],\n",
      "        [1.0702e-11, 5.5209e-06, 2.6507e-02, 2.2908e-01, 7.3802e-01, 6.3803e-03,\n",
      "         5.2463e-06, 7.6106e-11, 9.8348e-22, 2.5951e-27],\n",
      "        [1.0875e-10, 1.7341e-05, 3.0965e-02, 2.4184e-01, 7.1516e-01, 1.1991e-02,\n",
      "         3.0287e-05, 2.3874e-09, 9.8678e-19, 1.6473e-23],\n",
      "        [1.8327e-10, 2.2972e-05, 3.0234e-02, 2.3027e-01, 7.2238e-01, 1.7019e-02,\n",
      "         7.7622e-05, 1.4899e-08, 2.8255e-17, 9.3619e-22],\n",
      "        [2.2998e-10, 2.6160e-05, 2.9339e-02, 2.2042e-01, 7.2865e-01, 2.1425e-02,\n",
      "         1.4221e-04, 4.8208e-08, 2.3360e-16, 1.2123e-20],\n",
      "        [3.1669e-10, 2.9747e-05, 2.8583e-02, 2.1464e-01, 7.3074e-01, 2.5778e-02,\n",
      "         2.2343e-04, 1.1271e-07, 1.2451e-15, 1.0161e-19],\n",
      "        [3.3205e-10, 3.0668e-05, 2.8006e-02, 2.1023e-01, 7.3276e-01, 2.8680e-02,\n",
      "         2.9513e-04, 1.9501e-07, 3.0637e-15, 2.9745e-19],\n",
      "        [3.2640e-10, 3.0610e-05, 2.7495e-02, 2.0684e-01, 7.3479e-01, 3.0493e-02,\n",
      "         3.4747e-04, 2.6793e-07, 4.9298e-15, 5.0056e-19],\n",
      "        [3.2955e-10, 3.1018e-05, 2.7385e-02, 2.0541e-01, 7.3502e-01, 3.1761e-02,\n",
      "         3.8961e-04, 3.3932e-07, 7.4485e-15, 7.9269e-19]],\n",
      "       grad_fn=<SelectBackward>)\n",
      "\n",
      "Epoch: 7.00, Train Loss: 8.05, Val Loss: 9.39, Train BLEU: 0.28, Val BLEU: 0.19, Minutes Elapsed: 0.37\n",
      "Sampling from training predictions...\n",
      "Source: 它 可以 伸展 <UNK> 150 英尺 长 <EOS> <PAD> <PAD>\n",
      "Reference: it gets up to about 150 feet long .\n",
      "Model: <SOS> the the the the the the the the the\n",
      "Attention Weights: tensor([[0.0000, 0.2586, 0.7333, 0.0000, 0.0000, 0.0081, 0.0000, 0.0000, 0.0000,\n",
      "         0.0000],\n",
      "        [0.0001, 0.2292, 0.7361, 0.0000, 0.0000, 0.0345, 0.0001, 0.0000, 0.0000,\n",
      "         0.0000],\n",
      "        [0.0003, 0.2088, 0.7330, 0.0003, 0.0000, 0.0571, 0.0004, 0.0000, 0.0000,\n",
      "         0.0000],\n",
      "        [0.0002, 0.1729, 0.7469, 0.0009, 0.0001, 0.0776, 0.0015, 0.0000, 0.0000,\n",
      "         0.0000],\n",
      "        [0.0002, 0.1479, 0.7617, 0.0014, 0.0001, 0.0857, 0.0029, 0.0000, 0.0000,\n",
      "         0.0000],\n",
      "        [0.0001, 0.1283, 0.7749, 0.0020, 0.0002, 0.0899, 0.0045, 0.0000, 0.0000,\n",
      "         0.0000],\n",
      "        [0.0001, 0.1161, 0.7834, 0.0025, 0.0002, 0.0918, 0.0060, 0.0000, 0.0000,\n",
      "         0.0000],\n",
      "        [0.0001, 0.1097, 0.7859, 0.0028, 0.0002, 0.0941, 0.0072, 0.0000, 0.0000,\n",
      "         0.0000],\n",
      "        [0.0001, 0.1130, 0.7898, 0.0030, 0.0002, 0.0872, 0.0066, 0.0000, 0.0000,\n",
      "         0.0000]], grad_fn=<SelectBackward>)\n",
      "\n",
      "Sampling from val predictions...\n",
      "Source: 他 出身 阿富汗 边远 <UNK> 地区 有着 与 他人 不同\n",
      "Reference: a total maverick from a remote province of afghanistan\n",
      "Model: <SOS> the the the the the the the the the\n",
      "Attention Weights: tensor([[0.0000, 0.0001, 0.9589, 0.0408, 0.0000, 0.0003, 0.0000, 0.0000, 0.0000,\n",
      "         0.0000],\n",
      "        [0.0000, 0.0023, 0.8685, 0.1143, 0.0000, 0.0147, 0.0001, 0.0000, 0.0000,\n",
      "         0.0000],\n",
      "        [0.0000, 0.0054, 0.7930, 0.1546, 0.0002, 0.0462, 0.0005, 0.0000, 0.0000,\n",
      "         0.0000],\n",
      "        [0.0000, 0.0064, 0.7402, 0.1829, 0.0005, 0.0685, 0.0014, 0.0000, 0.0000,\n",
      "         0.0000],\n",
      "        [0.0000, 0.0066, 0.7048, 0.2015, 0.0008, 0.0837, 0.0026, 0.0000, 0.0000,\n",
      "         0.0000],\n",
      "        [0.0000, 0.0064, 0.6772, 0.2164, 0.0010, 0.0952, 0.0038, 0.0000, 0.0000,\n",
      "         0.0000],\n",
      "        [0.0000, 0.0061, 0.6569, 0.2276, 0.0012, 0.1032, 0.0050, 0.0000, 0.0000,\n",
      "         0.0000],\n",
      "        [0.0000, 0.0059, 0.6428, 0.2348, 0.0013, 0.1091, 0.0061, 0.0000, 0.0000,\n",
      "         0.0000],\n",
      "        [0.0000, 0.0057, 0.6340, 0.2399, 0.0013, 0.1122, 0.0069, 0.0000, 0.0000,\n",
      "         0.0000]], grad_fn=<SelectBackward>)\n",
      "\n",
      "Epoch: 8.00, Train Loss: 7.71, Val Loss: 9.26, Train BLEU: 0.28, Val BLEU: 0.19, Minutes Elapsed: 0.42\n",
      "Sampling from training predictions...\n",
      "Source: 我们 得用 非常 特殊 的 仪器 才能 能到 到达 那个\n",
      "Reference: we have to have a very special technology to\n",
      "Model: <SOS> the the the the the the the the the\n",
      "Attention Weights: tensor([[2.1779e-31, 3.6621e-25, 9.4944e-11, 3.5919e-04, 9.8426e-01, 1.5376e-02,\n",
      "         6.6747e-07, 6.0421e-18, 3.0704e-19, 8.3485e-32],\n",
      "        [2.3758e-20, 6.7452e-16, 8.7001e-07, 9.2720e-03, 9.3897e-01, 5.1674e-02,\n",
      "         8.4174e-05, 9.6226e-12, 7.6293e-13, 8.4519e-21],\n",
      "        [4.0048e-17, 3.0150e-13, 1.2600e-05, 2.3096e-02, 9.0722e-01, 6.9327e-02,\n",
      "         3.4369e-04, 5.0592e-10, 5.7103e-11, 2.2679e-17],\n",
      "        [6.3498e-16, 3.0279e-12, 3.4195e-05, 3.1732e-02, 8.8786e-01, 7.9711e-02,\n",
      "         6.6267e-04, 2.3805e-09, 3.1329e-10, 6.6522e-16],\n",
      "        [2.2421e-15, 8.7429e-12, 5.3545e-05, 3.6541e-02, 8.7593e-01, 8.6546e-02,\n",
      "         9.3028e-04, 5.1105e-09, 7.4447e-10, 3.7530e-15],\n",
      "        [4.2347e-15, 1.4990e-11, 6.6015e-05, 3.8796e-02, 8.6780e-01, 9.2171e-02,\n",
      "         1.1701e-03, 8.4262e-09, 1.3278e-09, 1.1555e-14],\n",
      "        [5.8973e-15, 1.9822e-11, 7.2471e-05, 3.9684e-02, 8.6248e-01, 9.6421e-02,\n",
      "         1.3448e-03, 1.1232e-08, 1.8998e-09, 2.3490e-14],\n",
      "        [7.2737e-15, 2.3672e-11, 7.5570e-05, 3.9830e-02, 8.5769e-01, 1.0086e-01,\n",
      "         1.5481e-03, 1.5050e-08, 2.6585e-09, 4.3836e-14],\n",
      "        [8.2502e-15, 2.6185e-11, 7.7361e-05, 3.9948e-02, 8.5523e-01, 1.0311e-01,\n",
      "         1.6418e-03, 1.6849e-08, 3.1252e-09, 6.0993e-14]],\n",
      "       grad_fn=<SelectBackward>)\n",
      "\n",
      "Sampling from val predictions...\n",
      "Source: 因此 毫无 毫无疑问 无疑 疑问 他 的 孩子 应当 受到\n",
      "Reference: there was no question that his children would receive\n",
      "Model: <SOS> the the the the the the the the the\n",
      "Attention Weights: tensor([[0.0000, 0.0000, 0.0006, 0.9988, 0.0006, 0.0000, 0.0000, 0.0000, 0.0000,\n",
      "         0.0000],\n",
      "        [0.0000, 0.0000, 0.0089, 0.9828, 0.0083, 0.0000, 0.0000, 0.0000, 0.0000,\n",
      "         0.0000],\n",
      "        [0.0000, 0.0000, 0.0200, 0.9632, 0.0169, 0.0000, 0.0000, 0.0000, 0.0000,\n",
      "         0.0000],\n",
      "        [0.0000, 0.0000, 0.0259, 0.9510, 0.0231, 0.0000, 0.0000, 0.0000, 0.0000,\n",
      "         0.0000],\n",
      "        [0.0000, 0.0000, 0.0286, 0.9435, 0.0279, 0.0000, 0.0000, 0.0000, 0.0000,\n",
      "         0.0000],\n",
      "        [0.0000, 0.0000, 0.0297, 0.9389, 0.0314, 0.0000, 0.0000, 0.0000, 0.0000,\n",
      "         0.0000],\n",
      "        [0.0000, 0.0000, 0.0303, 0.9361, 0.0335, 0.0000, 0.0000, 0.0000, 0.0000,\n",
      "         0.0000],\n",
      "        [0.0000, 0.0000, 0.0305, 0.9343, 0.0352, 0.0000, 0.0000, 0.0000, 0.0000,\n",
      "         0.0000],\n",
      "        [0.0000, 0.0000, 0.0301, 0.9323, 0.0375, 0.0000, 0.0001, 0.0000, 0.0000,\n",
      "         0.0000]], grad_fn=<SelectBackward>)\n",
      "\n",
      "Epoch: 9.00, Train Loss: 7.38, Val Loss: 9.14, Train BLEU: 0.28, Val BLEU: 0.19, Minutes Elapsed: 0.47\n",
      "Sampling from training predictions...\n",
      "Source: 泰坦 泰坦尼克 泰坦尼克号 坦尼 尼克 号 是 拿 了 不少\n",
      "Reference: the truth of the matter is that the titanic\n",
      "Model: <SOS> the the the the the the the the the\n",
      "Attention Weights: tensor([[0.0000, 0.0000, 0.0000, 0.0000, 0.0000, 0.0001, 0.7706, 0.2293, 0.0000,\n",
      "         0.0000],\n",
      "        [0.0000, 0.0000, 0.0000, 0.0000, 0.0000, 0.0089, 0.8653, 0.1257, 0.0000,\n",
      "         0.0000],\n",
      "        [0.0000, 0.0000, 0.0000, 0.0000, 0.0000, 0.0344, 0.8687, 0.0969, 0.0000,\n",
      "         0.0000],\n",
      "        [0.0000, 0.0000, 0.0000, 0.0000, 0.0000, 0.0541, 0.8541, 0.0917, 0.0000,\n",
      "         0.0000],\n",
      "        [0.0000, 0.0000, 0.0000, 0.0000, 0.0000, 0.0644, 0.8436, 0.0920, 0.0000,\n",
      "         0.0000],\n",
      "        [0.0000, 0.0000, 0.0000, 0.0000, 0.0000, 0.0682, 0.8365, 0.0953, 0.0000,\n",
      "         0.0000],\n",
      "        [0.0000, 0.0000, 0.0000, 0.0000, 0.0000, 0.0701, 0.8324, 0.0974, 0.0000,\n",
      "         0.0000],\n",
      "        [0.0000, 0.0000, 0.0000, 0.0000, 0.0000, 0.0713, 0.8302, 0.0984, 0.0000,\n",
      "         0.0000],\n",
      "        [0.0000, 0.0000, 0.0000, 0.0000, 0.0000, 0.0713, 0.8279, 0.1008, 0.0000,\n",
      "         0.0000]], grad_fn=<SelectBackward>)\n",
      "\n",
      "Sampling from val predictions...\n",
      "Source: 有时 学校 <UNK> 突然 <UNK> 一周 因为 被 塔利 塔利班\n",
      "Reference: from time to time , the school would suddenly\n",
      "Model: <SOS> the the the the the the the the the\n",
      "Attention Weights: tensor([[3.4257e-35, 3.1386e-16, 3.8463e-07, 6.1070e-04, 4.3166e-01, 5.4202e-01,\n",
      "         2.5707e-02, 2.5590e-06, 3.1495e-16, 3.3388e-37],\n",
      "        [4.6316e-21, 3.0560e-10, 6.8747e-05, 9.6593e-03, 4.9383e-01, 4.4526e-01,\n",
      "         5.1063e-02, 1.1826e-04, 1.1819e-10, 7.8423e-23],\n",
      "        [5.8183e-17, 2.1850e-08, 3.8168e-04, 2.2378e-02, 5.1716e-01, 3.9861e-01,\n",
      "         6.1083e-02, 3.8513e-04, 5.9200e-09, 1.4398e-18],\n",
      "        [2.1012e-15, 1.2008e-07, 7.8059e-04, 3.0684e-02, 5.2228e-01, 3.7790e-01,\n",
      "         6.7677e-02, 6.8052e-04, 3.4809e-08, 9.9098e-17],\n",
      "        [1.0819e-14, 2.6501e-07, 1.0895e-03, 3.5311e-02, 5.2186e-01, 3.6863e-01,\n",
      "         7.2172e-02, 9.3141e-04, 8.8797e-08, 8.8965e-16],\n",
      "        [2.4025e-14, 3.8888e-07, 1.2764e-03, 3.7565e-02, 5.1850e-01, 3.6548e-01,\n",
      "         7.6030e-02, 1.1471e-03, 1.6023e-07, 3.4819e-15],\n",
      "        [3.5637e-14, 4.6088e-07, 1.3573e-03, 3.8263e-02, 5.1250e-01, 3.6680e-01,\n",
      "         7.9744e-02, 1.3344e-03, 2.3730e-07, 8.5811e-15],\n",
