{
 "cells": [
  {
   "cell_type": "code",
   "execution_count": 1,
   "metadata": {},
   "outputs": [],
   "source": [
    "import numpy as np \n",
    "import pandas as pd \n",
    "from data_processing import generate_vocab, process_data, create_dataloaders, text2tokens\n",
    "from model import get_pretrained_emb, EncoderDecoder, EncoderRNN, DecoderRNN, EncoderDecoderAttn, DecoderAttnRNN\n",
    "from train_eval import count_parameters, summarize_results, plot_single_learning_curve, load_experiment_log\n",
    "from train_eval import train_and_eval\n",
    "import importlib\n",
    "import pickle as pkl \n",
    "import torch"
   ]
  },
  {
   "cell_type": "code",
   "execution_count": 2,
   "metadata": {},
   "outputs": [],
   "source": [
    "# model identification\n",
    "MODEL_NAME = 'zh-seq2seq-rnn-vanilla'\n",
    "SRC_LANG = 'zh'\n",
    "TARG_LANG = 'en'\n",
    "\n",
    "# data processing params  \n",
    "SRC_MAX_SENTENCE_LEN = 10\n",
    "TARG_MAX_SENTENCE_LEN = 10\n",
    "SRC_VOCAB_SIZE = 30000 #30000\n",
    "TARG_VOCAB_SIZE = 30000 #30000\n",
    "\n",
    "# model architecture params \n",
    "RNN_CELL_TYPE = 'gru'\n",
    "NUM_LAYERS = 2 #2 \n",
    "ENC_HIDDEN_DIM = 256 #512\n",
    "DEC_HIDDEN_DIM = 2 * ENC_HIDDEN_DIM #2 * ENC_HIDDEN_DIM \n",
    "TEACHER_FORCING_RATIO = 1\n",
    "CLIP_GRAD_MAX_NORM = 1\n",
    "ENC_DROPOUT = 0.2 # to actually implement\n",
    "DEC_DROPOUT = 0.2 # to actually implement\n",
    "USE_ATTN = True\n",
    "\n",
    "# training params  \n",
    "BATCH_SIZE = 32 #32\n",
    "NUM_EPOCHS = 200\n",
    "LR = 0.0003 # 0.0005\n",
    "OPTIMIZER = 'Adam'\n",
    "LAZY_TRAIN = True"
   ]
  },
  {
   "cell_type": "code",
   "execution_count": 3,
   "metadata": {},
   "outputs": [],
   "source": [
    "# store as dict to save to results later \n",
    "params = {'model_name': MODEL_NAME, 'src_lang': SRC_LANG, 'targ_lang': TARG_LANG, 'rnn_cell_type': RNN_CELL_TYPE, \n",
    "          'src_max_sentence_len': SRC_MAX_SENTENCE_LEN, 'targ_max_sentence_len': TARG_MAX_SENTENCE_LEN, \n",
    "          'src_vocab_size': SRC_VOCAB_SIZE, 'targ_vocab_size': TARG_VOCAB_SIZE, \n",
    "          'num_layers': NUM_LAYERS, 'enc_hidden_dim': ENC_HIDDEN_DIM, 'dec_hidden_dim': DEC_HIDDEN_DIM,\n",
    "          'teacher_forcing_ratio': TEACHER_FORCING_RATIO, 'clip_grad_max_norm': CLIP_GRAD_MAX_NORM,\n",
    "          'enc_dropout': ENC_DROPOUT, 'dec_dropout': DEC_DROPOUT, 'use_attn': USE_ATTN, \n",
    "          'batch_size': BATCH_SIZE, 'num_epochs': NUM_EPOCHS, 'learning_rate': LR, 'optimizer': OPTIMIZER, \n",
    "          'lazy_train': LAZY_TRAIN} "
   ]
  },
  {
   "cell_type": "code",
   "execution_count": 4,
   "metadata": {},
   "outputs": [],
   "source": [
    "# # takes a long time to process, save to pickle for reimport in future \n",
    "# vocab = generate_vocab(SRC_LANG, TARG_LANG, SRC_VOCAB_SIZE, TARG_VOCAB_SIZE)\n",
    "# vocab_filename = \"{}-{}-vocab.p\".format(SRC_LANG, TARG_LANG)\n",
    "# pkl.dump(vocab, open(vocab_filename, \"wb\"))"
   ]
  },
  {
   "cell_type": "code",
   "execution_count": 5,
   "metadata": {},
   "outputs": [],
   "source": [
    "# reload from pickle \n",
    "vocab_filename = \"{}-{}-vocab.p\".format(SRC_LANG, TARG_LANG)\n",
    "vocab = pkl.load(open(vocab_filename, \"rb\"))\n",
    "data = process_data(SRC_LANG, TARG_LANG, SRC_MAX_SENTENCE_LEN, TARG_MAX_SENTENCE_LEN, vocab)\n",
    "data_minibatch = process_data(SRC_LANG, TARG_LANG, SRC_MAX_SENTENCE_LEN, TARG_MAX_SENTENCE_LEN, vocab, sample_limit=BATCH_SIZE) \n",
    "data_minitrain = process_data(SRC_LANG, TARG_LANG, SRC_MAX_SENTENCE_LEN, TARG_MAX_SENTENCE_LEN, vocab, sample_limit=1000)"
   ]
  },
  {
   "cell_type": "code",
   "execution_count": 6,
   "metadata": {},
   "outputs": [],
   "source": [
    "# create dataloaders \n",
    "loaders_full = create_dataloaders(data, SRC_MAX_SENTENCE_LEN, TARG_MAX_SENTENCE_LEN, BATCH_SIZE)\n",
    "loaders_minibatch = create_dataloaders(data_minibatch, SRC_MAX_SENTENCE_LEN, TARG_MAX_SENTENCE_LEN, BATCH_SIZE)\n",
    "loaders_minitrain = create_dataloaders(data_minitrain, SRC_MAX_SENTENCE_LEN, TARG_MAX_SENTENCE_LEN, BATCH_SIZE)"
   ]
  },
  {
   "cell_type": "code",
   "execution_count": 7,
   "metadata": {},
   "outputs": [],
   "source": [
    "# define model \n",
    "\n",
    "encoder = EncoderRNN(rnn_cell_type=RNN_CELL_TYPE, enc_hidden_dim=ENC_HIDDEN_DIM, num_layers=NUM_LAYERS, \n",
    "                     src_max_sentence_len=SRC_MAX_SENTENCE_LEN, enc_dropout=ENC_DROPOUT, \n",
    "                     pretrained_word2vec=get_pretrained_emb(vocab[SRC_LANG]['word2vec'], vocab[SRC_LANG]['token2id']))\n",
    "\n",
    "# without attention \n",
    "# decoder = DecoderRNN(dec_hidden_dim=DEC_HIDDEN_DIM, enc_hidden_dim=ENC_HIDDEN_DIM, num_layers=NUM_LAYERS,\n",
    "#                      targ_vocab_size=TARG_VOCAB_SIZE, targ_max_sentence_len=TARG_MAX_SENTENCE_LEN, \n",
    "#                      pretrained_word2vec=get_pretrained_emb(vocab[TARG_LANG]['word2vec'], vocab[TARG_LANG]['token2id']))\n",
    "# model = EncoderDecoder(encoder, decoder, vocab[TARG_LANG]['token2id'])\n",
    "\n",
    "# with attention \n",
    "decoder = DecoderAttnRNN(rnn_cell_type=RNN_CELL_TYPE, dec_hidden_dim=DEC_HIDDEN_DIM, enc_hidden_dim=ENC_HIDDEN_DIM, \n",
    "                         num_layers=NUM_LAYERS, targ_vocab_size=TARG_VOCAB_SIZE, src_max_sentence_len=SRC_MAX_SENTENCE_LEN, \n",
    "                         targ_max_sentence_len=TARG_MAX_SENTENCE_LEN, dec_dropout=DEC_DROPOUT, \n",
    "                         pretrained_word2vec=get_pretrained_emb(vocab[TARG_LANG]['word2vec'], vocab[TARG_LANG]['token2id']))\n",
    "model = EncoderDecoderAttn(encoder, decoder, vocab[TARG_LANG]['token2id']) "
   ]
  },
  {
   "cell_type": "code",
   "execution_count": null,
   "metadata": {
    "scrolled": false
   },
   "outputs": [
    {
     "name": "stdout",
     "output_type": "stream",
     "text": [
      "Epoch: 0.00, Train Loss: 9.89, Val Loss: 10.26, Train BLEU: 0.01, Val BLEU: 0.10, Minutes Elapsed: 0.06\n",
      "Sampling from training predictions...\n",
      "Source: 它们 被叫 叫做 管道 蠕虫 <EOS> <PAD> <PAD> <PAD> <PAD>\n",
      "Reference: these are called tube worms . <EOS> <PAD> <PAD>\n",
      "Model: <SOS> yukon <EOS> <EOS> <EOS> <EOS> <EOS> <EOS> <EOS> <EOS>\n",
      "Attention Weights: tensor([[0.0024, 0.0025, 0.0025, 0.0026, 0.0026, 0.0026, 0.2462, 0.2462, 0.2462,\n",
      "         0.2462],\n",
      "        [0.0024, 0.0024, 0.0025, 0.0026, 0.0026, 0.0026, 0.2462, 0.2462, 0.2462,\n",
      "         0.2462],\n",
      "        [0.0024, 0.0024, 0.0025, 0.0026, 0.0026, 0.0025, 0.2462, 0.2462, 0.2462,\n",
      "         0.2462],\n",
      "        [0.0024, 0.0025, 0.0025, 0.0026, 0.0026, 0.0026, 0.2462, 0.2462, 0.2462,\n",
      "         0.2462],\n",
      "        [0.0024, 0.0025, 0.0025, 0.0026, 0.0026, 0.0026, 0.2462, 0.2462, 0.2462,\n",
      "         0.2462],\n",
      "        [0.0024, 0.0025, 0.0026, 0.0026, 0.0026, 0.0026, 0.2462, 0.2462, 0.2462,\n",
      "         0.2462],\n",
      "        [0.0024, 0.0025, 0.0026, 0.0026, 0.0027, 0.0026, 0.2461, 0.2461, 0.2461,\n",
      "         0.2461],\n",
      "        [0.0024, 0.0025, 0.0026, 0.0026, 0.0027, 0.0026, 0.2461, 0.2461, 0.2461,\n",
      "         0.2461],\n",
      "        [0.0024, 0.0025, 0.0026, 0.0026, 0.0026, 0.0026, 0.2462, 0.2462, 0.2462,\n",
      "         0.2462]], grad_fn=<SelectBackward>)\n",
      "\n",
      "Sampling from val predictions...\n",
      "Source: 他 面带 <UNK> <UNK> 笑容 这 很少 少见 因为 大部\n",
      "Reference: there was a big smile on his face which\n",
      "Model: <SOS> hovering livestream menus self-built self-built bunker bunker bunker bunker\n",
      "Attention Weights: tensor([[0.0048, 0.0049, 0.0050, 0.0051, 0.0051, 0.0049, 0.0050, 0.0050, 0.4801,\n",
      "         0.4801],\n",
      "        [0.0047, 0.0049, 0.0050, 0.0050, 0.0051, 0.0049, 0.0050, 0.0050, 0.4802,\n",
      "         0.4802],\n",
      "        [0.0047, 0.0049, 0.0049, 0.0050, 0.0051, 0.0049, 0.0050, 0.0049, 0.4803,\n",
      "         0.4803],\n",
      "        [0.0047, 0.0049, 0.0050, 0.0050, 0.0051, 0.0049, 0.0050, 0.0050, 0.4802,\n",
      "         0.4802],\n",
      "        [0.0047, 0.0049, 0.0050, 0.0050, 0.0051, 0.0049, 0.0050, 0.0050, 0.4801,\n",
      "         0.4801],\n",
      "        [0.0048, 0.0049, 0.0050, 0.0051, 0.0051, 0.0049, 0.0050, 0.0050, 0.4801,\n",
      "         0.4801],\n",
      "        [0.0048, 0.0049, 0.0050, 0.0051, 0.0051, 0.0049, 0.0050, 0.0050, 0.4801,\n",
      "         0.4801],\n",
      "        [0.0048, 0.0049, 0.0050, 0.0051, 0.0051, 0.0049, 0.0050, 0.0050, 0.4801,\n",
      "         0.4801],\n",
      "        [0.0048, 0.0049, 0.0050, 0.0051, 0.0051, 0.0049, 0.0050, 0.0050, 0.4800,\n",
      "         0.4800]], grad_fn=<SelectBackward>)\n",
      "\n",
      "Epoch: 1.00, Train Loss: 9.52, Val Loss: 10.20, Train BLEU: 4.68, Val BLEU: 0.13, Minutes Elapsed: 0.13\n",
      "Sampling from training predictions...\n",
      "Source: 这些 都 是 虾 <EOS> <PAD> <PAD> <PAD> <PAD> <PAD>\n",
      "Reference: those are all shrimp . <EOS> <PAD> <PAD> <PAD>\n",
      "Model: <SOS> <EOS> <EOS> <EOS> <EOS> <EOS> <EOS> <EOS> <EOS> <EOS>\n",
      "Attention Weights: tensor([[0.0001, 0.0001, 0.0001, 0.0001, 0.0001, 0.1999, 0.1999, 0.1999, 0.1999,\n",
      "         0.1999],\n",
      "        [0.0001, 0.0001, 0.0001, 0.0001, 0.0001, 0.1999, 0.1999, 0.1999, 0.1999,\n",
      "         0.1999],\n",
      "        [0.0001, 0.0001, 0.0001, 0.0001, 0.0001, 0.1999, 0.1999, 0.1999, 0.1999,\n",
      "         0.1999],\n",
      "        [0.0001, 0.0001, 0.0001, 0.0001, 0.0001, 0.1999, 0.1999, 0.1999, 0.1999,\n",
      "         0.1999],\n",
      "        [0.0001, 0.0001, 0.0001, 0.0001, 0.0001, 0.1999, 0.1999, 0.1999, 0.1999,\n",
      "         0.1999],\n",
      "        [0.0001, 0.0001, 0.0001, 0.0001, 0.0001, 0.1999, 0.1999, 0.1999, 0.1999,\n",
      "         0.1999],\n",
      "        [0.0001, 0.0001, 0.0001, 0.0001, 0.0001, 0.1999, 0.1999, 0.1999, 0.1999,\n",
      "         0.1999],\n",
      "        [0.0001, 0.0001, 0.0001, 0.0001, 0.0001, 0.1999, 0.1999, 0.1999, 0.1999,\n",
      "         0.1999],\n",
      "        [0.0001, 0.0001, 0.0001, 0.0001, 0.0001, 0.1999, 0.1999, 0.1999, 0.1999,\n",
      "         0.1999]], grad_fn=<SelectBackward>)\n",
      "\n",
      "Sampling from val predictions...\n",
      "Source: 对 他 来说 孩子 不 接受 受教 教育 <UNK> 是\n",
      "Reference: to him , there was greater risk in not\n",
      "Model: <SOS> flagelliform disappearing self-built . . <EOS> <EOS> <EOS> <EOS>\n",
      "Attention Weights: tensor([[0.0001, 0.0001, 0.0001, 0.0001, 0.1666, 0.1666, 0.1666, 0.1666, 0.1666,\n",
      "         0.1666],\n",
      "        [0.0001, 0.0001, 0.0001, 0.0001, 0.1666, 0.1666, 0.1666, 0.1666, 0.1666,\n",
      "         0.1666],\n",
      "        [0.0001, 0.0001, 0.0001, 0.0001, 0.1666, 0.1666, 0.1666, 0.1666, 0.1666,\n",
      "         0.1666],\n",
      "        [0.0001, 0.0001, 0.0001, 0.0001, 0.1666, 0.1666, 0.1666, 0.1666, 0.1666,\n",
      "         0.1666],\n",
      "        [0.0001, 0.0001, 0.0001, 0.0001, 0.1666, 0.1666, 0.1666, 0.1666, 0.1666,\n",
      "         0.1666],\n",
      "        [0.0001, 0.0001, 0.0001, 0.0001, 0.1666, 0.1666, 0.1666, 0.1666, 0.1666,\n",
      "         0.1666],\n",
      "        [0.0001, 0.0001, 0.0001, 0.0001, 0.1666, 0.1666, 0.1666, 0.1666, 0.1666,\n",
      "         0.1666],\n",
      "        [0.0001, 0.0001, 0.0001, 0.0001, 0.1666, 0.1666, 0.1666, 0.1666, 0.1666,\n",
      "         0.1666],\n",
      "        [0.0001, 0.0001, 0.0001, 0.0001, 0.1666, 0.1666, 0.1666, 0.1666, 0.1666,\n",
      "         0.1666]], grad_fn=<SelectBackward>)\n",
      "\n",
      "Epoch: 2.00, Train Loss: 9.18, Val Loss: 10.15, Train BLEU: 7.81, Val BLEU: 0.93, Minutes Elapsed: 0.18\n",
      "Sampling from training predictions...\n",
      "Source: 它们 实际 实际上 是 感光 <UNK> 光器 器官 <EOS> <PAD>\n",
      "Reference: it &apos;s actually a <UNK> organ . <EOS> <PAD>\n",
      "Model: <SOS> &apos;s <EOS> <EOS> <EOS> <EOS> <EOS> <EOS> <EOS> <EOS>\n",
      "Attention Weights: tensor([[0.0000, 0.0000, 0.0000, 0.0000, 0.0000, 0.0001, 0.0001, 0.0000, 0.0000,\n",
      "         0.9996],\n",
      "        [0.0000, 0.0000, 0.0000, 0.0000, 0.0000, 0.0000, 0.0000, 0.0000, 0.0000,\n",
      "         0.9996],\n",
      "        [0.0000, 0.0000, 0.0000, 0.0000, 0.0000, 0.0000, 0.0000, 0.0000, 0.0000,\n",
      "         0.9997],\n",
      "        [0.0000, 0.0000, 0.0000, 0.0000, 0.0000, 0.0000, 0.0000, 0.0000, 0.0000,\n",
      "         0.9997],\n",
      "        [0.0000, 0.0000, 0.0000, 0.0000, 0.0000, 0.0000, 0.0000, 0.0000, 0.0000,\n",
      "         0.9997],\n",
      "        [0.0000, 0.0000, 0.0000, 0.0000, 0.0000, 0.0000, 0.0000, 0.0000, 0.0000,\n",
      "         0.9997],\n",
      "        [0.0000, 0.0000, 0.0000, 0.0000, 0.0000, 0.0000, 0.0000, 0.0000, 0.0000,\n",
      "         0.9997],\n",
      "        [0.0000, 0.0000, 0.0000, 0.0000, 0.0000, 0.0000, 0.0000, 0.0000, 0.0000,\n",
      "         0.9997],\n",
      "        [0.0000, 0.0000, 0.0000, 0.0000, 0.0000, 0.0000, 0.0000, 0.0000, 0.0000,\n",
      "         0.9997]], grad_fn=<SelectBackward>)\n",
      "\n",
      "Sampling from val predictions...\n",
      "Source: 对 他 来说 孩子 不 接受 受教 教育 <UNK> 是\n",
      "Reference: to him , there was greater risk in not\n",
      "Model: <SOS> &apos;s &apos;s . . <EOS> <EOS> <EOS> <EOS> <EOS>\n",
      "Attention Weights: tensor([[7.2669e-06, 7.6365e-06, 7.8670e-06, 7.8800e-06, 1.6666e-01, 1.6666e-01,\n",
      "         1.6666e-01, 1.6666e-01, 1.6666e-01, 1.6666e-01],\n",
      "        [6.3639e-06, 6.6934e-06, 6.8988e-06, 6.9071e-06, 1.6666e-01, 1.6666e-01,\n",
      "         1.6666e-01, 1.6666e-01, 1.6666e-01, 1.6666e-01],\n",
      "        [5.8966e-06, 6.2041e-06, 6.3966e-06, 6.4030e-06, 1.6666e-01, 1.6666e-01,\n",
      "         1.6666e-01, 1.6666e-01, 1.6666e-01, 1.6666e-01],\n",
      "        [5.6777e-06, 5.9745e-06, 6.1603e-06, 6.1636e-06, 1.6666e-01, 1.6666e-01,\n",
      "         1.6666e-01, 1.6666e-01, 1.6666e-01, 1.6666e-01],\n",
      "        [5.5619e-06, 5.8527e-06, 6.0346e-06, 6.0354e-06, 1.6666e-01, 1.6666e-01,\n",
      "         1.6666e-01, 1.6666e-01, 1.6666e-01, 1.6666e-01],\n",
      "        [5.5214e-06, 5.8099e-06, 5.9898e-06, 5.9875e-06, 1.6666e-01, 1.6666e-01,\n",
      "         1.6666e-01, 1.6666e-01, 1.6666e-01, 1.6666e-01],\n",
      "        [5.4846e-06, 5.7708e-06, 5.9492e-06, 5.9455e-06, 1.6666e-01, 1.6666e-01,\n",
      "         1.6666e-01, 1.6666e-01, 1.6666e-01, 1.6666e-01],\n",
      "        [5.4661e-06, 5.7511e-06, 5.9289e-06, 5.9244e-06, 1.6666e-01, 1.6666e-01,\n",
      "         1.6666e-01, 1.6666e-01, 1.6666e-01, 1.6666e-01],\n",
      "        [5.4997e-06, 5.7867e-06, 5.9663e-06, 5.9606e-06, 1.6666e-01, 1.6666e-01,\n",
      "         1.6666e-01, 1.6666e-01, 1.6666e-01, 1.6666e-01]],\n",
      "       grad_fn=<SelectBackward>)\n",
      "\n",
      "Epoch: 3.00, Train Loss: 8.84, Val Loss: 10.09, Train BLEU: 7.39, Val BLEU: 1.11, Minutes Elapsed: 0.25\n",
      "Sampling from training predictions...\n",
      "Source: 这些 蠕虫 每星期 星期 长 好几 <UNK> <EOS> <PAD> <PAD>\n",
      "Reference: the worms are growing inches per week ! <EOS>\n",
      "Model: <SOS> &apos;s <EOS> <EOS> <EOS> <EOS> <EOS> <EOS> <EOS> <EOS>\n",
      "Attention Weights: tensor([[3.7821e-06, 4.0103e-06, 4.1756e-06, 4.1619e-06, 4.2135e-06, 4.3547e-06,\n",
      "         4.5263e-06, 4.4728e-06, 4.9998e-01, 4.9998e-01],\n",
      "        [3.1228e-06, 3.3152e-06, 3.4527e-06, 3.4466e-06, 3.4935e-06, 3.6057e-06,\n",
      "         3.7367e-06, 3.6928e-06, 4.9999e-01, 4.9999e-01],\n",
      "        [2.8041e-06, 2.9783e-06, 3.1011e-06, 3.0996e-06, 3.1445e-06, 3.2423e-06,\n",
      "         3.3520e-06, 3.3143e-06, 4.9999e-01, 4.9999e-01],\n",
      "        [2.6505e-06, 2.8156e-06, 2.9309e-06, 2.9320e-06, 2.9761e-06, 3.0662e-06,\n",
      "         3.1652e-06, 3.1293e-06, 4.9999e-01, 4.9999e-01],\n",
      "        [2.5829e-06, 2.7434e-06, 2.8551e-06, 2.8570e-06, 2.9007e-06, 2.9868e-06,\n",
      "         3.0804e-06, 3.0446e-06, 4.9999e-01, 4.9999e-01],\n",
      "        [2.5508e-06, 2.7088e-06, 2.8185e-06, 2.8205e-06, 2.8637e-06, 2.9477e-06,\n",
      "         3.0389e-06, 3.0026e-06, 4.9999e-01, 4.9999e-01],\n",
      "        [2.5441e-06, 2.7013e-06, 2.8104e-06, 2.8123e-06, 2.8553e-06, 2.9386e-06,\n",
      "         3.0291e-06, 2.9917e-06, 4.9999e-01, 4.9999e-01],\n",
      "        [2.5474e-06, 2.7046e-06, 2.8136e-06, 2.8153e-06, 2.8584e-06, 2.9413e-06,\n",
      "         3.0315e-06, 2.9930e-06, 4.9999e-01, 4.9999e-01],\n",
      "        [2.5498e-06, 2.7070e-06, 2.8159e-06, 2.8176e-06, 2.8607e-06, 2.9435e-06,\n",
      "         3.0335e-06, 2.9943e-06, 4.9999e-01, 4.9999e-01]],\n",
      "       grad_fn=<SelectBackward>)\n",
      "\n",
      "Sampling from val predictions...\n",
      "Source: 我们 很 害怕 但是 我们 仍然 渴望 望去 学校 <EOS>\n",
      "Reference: we were scared , but still , school was\n",
      "Model: <SOS> &apos;s &apos;s . . <EOS> <EOS> <EOS> <EOS> <EOS>\n",
      "Attention Weights: tensor([[7.4817e-06, 8.0145e-06, 8.2844e-06, 8.5220e-06, 8.5929e-06, 8.7130e-06,\n",
      "         9.3279e-06, 9.2650e-06, 9.0774e-06, 9.9992e-01],\n",
      "        [6.0571e-06, 6.5007e-06, 6.7218e-06, 6.9019e-06, 6.9606e-06, 7.0508e-06,\n",
      "         7.5411e-06, 7.4970e-06, 7.3399e-06, 9.9994e-01],\n",
      "        [5.4509e-06, 5.8551e-06, 6.0544e-06, 6.2061e-06, 6.2593e-06, 6.3330e-06,\n",
      "         6.7606e-06, 6.7319e-06, 6.5950e-06, 9.9994e-01],\n",
      "        [5.1813e-06, 5.5680e-06, 5.7568e-06, 5.8959e-06, 5.9459e-06, 6.0107e-06,\n",
      "         6.4065e-06, 6.3855e-06, 6.2567e-06, 9.9995e-01],\n",
      "        [5.0587e-06, 5.4365e-06, 5.6198e-06, 5.7529e-06, 5.8010e-06, 5.8615e-06,\n",
      "         6.2416e-06, 6.2244e-06, 6.0982e-06, 9.9995e-01],\n",
      "        [5.0242e-06, 5.3982e-06, 5.5792e-06, 5.7111e-06, 5.7579e-06, 5.8175e-06,\n",
      "         6.1921e-06, 6.1760e-06, 6.0482e-06, 9.9995e-01],\n",
      "        [4.9884e-06, 5.3589e-06, 5.5377e-06, 5.6684e-06, 5.7140e-06, 5.7727e-06,\n",
      "         6.1418e-06, 6.1264e-06, 5.9977e-06, 9.9995e-01],\n",
      "        [4.9767e-06, 5.3459e-06, 5.5239e-06, 5.6545e-06, 5.6992e-06, 5.7579e-06,\n",
      "         6.1242e-06, 6.1090e-06, 5.9795e-06, 9.9995e-01],\n",
      "        [4.9842e-06, 5.3534e-06, 5.5312e-06, 5.6615e-06, 5.7058e-06, 5.7644e-06,\n",
      "         6.1302e-06, 6.1153e-06, 5.9848e-06, 9.9995e-01]],\n",
      "       grad_fn=<SelectBackward>)\n",
      "\n"
     ]
    },
    {
     "name": "stdout",
     "output_type": "stream",
     "text": [
      "Epoch: 4.00, Train Loss: 8.51, Val Loss: 10.02, Train BLEU: 6.74, Val BLEU: 1.26, Minutes Elapsed: 0.31\n",
      "Sampling from training predictions...\n",
      "Source: 海洋 的 平均 深度 是 两英里 英里 <EOS> <PAD> <PAD>\n",
      "Reference: the average depth is about two miles . <EOS>\n",
      "Model: <SOS> &apos;s <EOS> <EOS> <EOS> <EOS> <EOS> <EOS> <EOS> <EOS>\n",
      "Attention Weights: tensor([[1.0443e-06, 1.1413e-06, 1.2228e-06, 1.2769e-06, 1.3129e-06, 1.2846e-06,\n",
      "         1.3633e-06, 1.3385e-06, 5.0000e-01, 5.0000e-01],\n",
      "        [7.8016e-07, 8.5521e-07, 9.1709e-07, 9.5791e-07, 9.8453e-07, 9.6118e-07,\n",
      "         1.0207e-06, 1.0009e-06, 5.0000e-01, 5.0000e-01],\n",
      "        [6.7296e-07, 7.3875e-07, 7.9235e-07, 8.2773e-07, 8.5061e-07, 8.2943e-07,\n",
      "         8.8035e-07, 8.6351e-07, 5.0000e-01, 5.0000e-01],\n",
      "        [6.2724e-07, 6.8903e-07, 7.3906e-07, 7.7226e-07, 7.9354e-07, 7.7297e-07,\n",
      "         8.1940e-07, 8.0376e-07, 5.0000e-01, 5.0000e-01],\n",
      "        [6.0916e-07, 6.6911e-07, 7.1756e-07, 7.4986e-07, 7.7041e-07, 7.5011e-07,\n",
      "         7.9421e-07, 7.7893e-07, 5.0000e-01, 5.0000e-01],\n",
      "        [6.0246e-07, 6.6152e-07, 7.0925e-07, 7.4114e-07, 7.6132e-07, 7.4109e-07,\n",
      "         7.8399e-07, 7.6873e-07, 5.0000e-01, 5.0000e-01],\n",
      "        [6.0062e-07, 6.5929e-07, 7.0675e-07, 7.3848e-07, 7.5848e-07, 7.3828e-07,\n",
      "         7.8061e-07, 7.6531e-07, 5.0000e-01, 5.0000e-01],\n",
      "        [6.0265e-07, 6.6130e-07, 7.0879e-07, 7.4056e-07, 7.6053e-07, 7.4028e-07,\n",
      "         7.8245e-07, 7.6698e-07, 5.0000e-01, 5.0000e-01],\n",
      "        [6.0563e-07, 6.6442e-07, 7.1206e-07, 7.4395e-07, 7.6399e-07, 7.4366e-07,\n",
      "         7.8581e-07, 7.7017e-07, 5.0000e-01, 5.0000e-01]],\n",
      "       grad_fn=<SelectBackward>)\n",
      "\n",
      "Sampling from val predictions...\n",
      "Source: 塔利 塔利班 走 了 父亲 大声 叫 着 <EOS> <PAD>\n",
      "Reference: &quot; the taliban are gone ! &quot; my father\n",
      "Model: <SOS> <EOS> <EOS> <EOS> <EOS> <EOS> <EOS> <EOS> <EOS> <EOS>\n",
      "Attention Weights: tensor([[4.1398e-07, 4.6055e-07, 5.0082e-07, 5.3929e-07, 5.2340e-07, 2.0000e-01,\n",
      "         2.0000e-01, 2.0000e-01, 2.0000e-01, 2.0000e-01],\n",
      "        [3.1486e-07, 3.5114e-07, 3.8207e-07, 4.1107e-07, 3.9840e-07, 2.0000e-01,\n",
      "         2.0000e-01, 2.0000e-01, 2.0000e-01, 2.0000e-01],\n",
      "        [2.7653e-07, 3.0858e-07, 3.3566e-07, 3.6077e-07, 3.4968e-07, 2.0000e-01,\n",
      "         2.0000e-01, 2.0000e-01, 2.0000e-01, 2.0000e-01],\n",
      "        [2.5988e-07, 2.9000e-07, 3.1525e-07, 3.3853e-07, 3.2799e-07, 2.0000e-01,\n",
      "         2.0000e-01, 2.0000e-01, 2.0000e-01, 2.0000e-01],\n",
      "        [2.5375e-07, 2.8300e-07, 3.0744e-07, 3.2990e-07, 3.1949e-07, 2.0000e-01,\n",
      "         2.0000e-01, 2.0000e-01, 2.0000e-01, 2.0000e-01],\n",
      "        [2.4938e-07, 2.7797e-07, 3.0181e-07, 3.2369e-07, 3.1334e-07, 2.0000e-01,\n",
      "         2.0000e-01, 2.0000e-01, 2.0000e-01, 2.0000e-01],\n",
      "        [2.4908e-07, 2.7752e-07, 3.0122e-07, 3.2294e-07, 3.1250e-07, 2.0000e-01,\n",
      "         2.0000e-01, 2.0000e-01, 2.0000e-01, 2.0000e-01],\n",
      "        [2.4934e-07, 2.7772e-07, 3.0136e-07, 3.2303e-07, 3.1251e-07, 2.0000e-01,\n",
      "         2.0000e-01, 2.0000e-01, 2.0000e-01, 2.0000e-01],\n",
      "        [2.5046e-07, 2.7892e-07, 3.0266e-07, 3.2442e-07, 3.1380e-07, 2.0000e-01,\n",
      "         2.0000e-01, 2.0000e-01, 2.0000e-01, 2.0000e-01]],\n",
      "       grad_fn=<SelectBackward>)\n",
      "\n",
      "Epoch: 5.00, Train Loss: 8.17, Val Loss: 9.94, Train BLEU: 5.19, Val BLEU: 1.26, Minutes Elapsed: 0.37\n",
      "Sampling from training predictions...\n",
      "Source: 这 是 一只 水母 <EOS> <PAD> <PAD> <PAD> <PAD> <PAD>\n",
      "Reference: here &apos;s a jelly . <EOS> <PAD> <PAD> <PAD>\n",
      "Model: <SOS> &apos;s <EOS> <EOS> <EOS> <EOS> <EOS> <EOS> <EOS> <EOS>\n",
      "Attention Weights: tensor([[1.5728e-07, 1.8145e-07, 2.0053e-07, 2.1591e-07, 2.0258e-07, 2.0000e-01,\n",
      "         2.0000e-01, 2.0000e-01, 2.0000e-01, 2.0000e-01],\n",
      "        [1.1009e-07, 1.2740e-07, 1.4090e-07, 1.5156e-07, 1.4197e-07, 2.0000e-01,\n",
      "         2.0000e-01, 2.0000e-01, 2.0000e-01, 2.0000e-01],\n",
      "        [9.4098e-08, 1.0893e-07, 1.2043e-07, 1.2942e-07, 1.2133e-07, 2.0000e-01,\n",
      "         2.0000e-01, 2.0000e-01, 2.0000e-01, 2.0000e-01],\n",
      "        [8.7674e-08, 1.0144e-07, 1.1206e-07, 1.2031e-07, 1.1278e-07, 2.0000e-01,\n",
      "         2.0000e-01, 2.0000e-01, 2.0000e-01, 2.0000e-01],\n",
      "        [8.5494e-08, 9.8811e-08, 1.0906e-07, 1.1700e-07, 1.0965e-07, 2.0000e-01,\n",
      "         2.0000e-01, 2.0000e-01, 2.0000e-01, 2.0000e-01],\n",
      "        [8.4364e-08, 9.7412e-08, 1.0744e-07, 1.1518e-07, 1.0791e-07, 2.0000e-01,\n",
      "         2.0000e-01, 2.0000e-01, 2.0000e-01, 2.0000e-01],\n",
      "        [8.4432e-08, 9.7427e-08, 1.0741e-07, 1.1511e-07, 1.0781e-07, 2.0000e-01,\n",
      "         2.0000e-01, 2.0000e-01, 2.0000e-01, 2.0000e-01],\n",
      "        [8.4708e-08, 9.7697e-08, 1.0767e-07, 1.1536e-07, 1.0803e-07, 2.0000e-01,\n",
      "         2.0000e-01, 2.0000e-01, 2.0000e-01, 2.0000e-01],\n",
      "        [8.5006e-08, 9.8019e-08, 1.0802e-07, 1.1574e-07, 1.0837e-07, 2.0000e-01,\n",
      "         2.0000e-01, 2.0000e-01, 2.0000e-01, 2.0000e-01]],\n",
      "       grad_fn=<SelectBackward>)\n",
      "\n",
      "Sampling from val predictions...\n",
      "Source: 学校 在 一个 房屋 房屋里 屋里 我们 100 多 人\n",
      "Reference: the school was in a house , more than\n",
      "Model: <SOS> &apos;s &apos;s . <EOS> <EOS> <EOS> <EOS> <EOS> <EOS>\n",
      "Attention Weights: tensor([[1.2759e-07, 1.4415e-07, 1.4197e-07, 1.4286e-01, 1.4286e-01, 1.4286e-01,\n",
      "         1.4286e-01, 1.4286e-01, 1.4286e-01, 1.4286e-01],\n",
      "        [8.3155e-08, 9.3979e-08, 9.2513e-08, 1.4286e-01, 1.4286e-01, 1.4286e-01,\n",
      "         1.4286e-01, 1.4286e-01, 1.4286e-01, 1.4286e-01],\n",
      "        [6.8929e-08, 7.7813e-08, 7.6653e-08, 1.4286e-01, 1.4286e-01, 1.4286e-01,\n",
      "         1.4286e-01, 1.4286e-01, 1.4286e-01, 1.4286e-01],\n",
      "        [6.3869e-08, 7.1988e-08, 7.0898e-08, 1.4286e-01, 1.4286e-01, 1.4286e-01,\n",
      "         1.4286e-01, 1.4286e-01, 1.4286e-01, 1.4286e-01],\n",
      "        [6.2020e-08, 6.9796e-08, 6.8706e-08, 1.4286e-01, 1.4286e-01, 1.4286e-01,\n",
      "         1.4286e-01, 1.4286e-01, 1.4286e-01, 1.4286e-01],\n",
      "        [6.1522e-08, 6.9157e-08, 6.8040e-08, 1.4286e-01, 1.4286e-01, 1.4286e-01,\n",
      "         1.4286e-01, 1.4286e-01, 1.4286e-01, 1.4286e-01],\n",
      "        [6.1466e-08, 6.9043e-08, 6.7901e-08, 1.4286e-01, 1.4286e-01, 1.4286e-01,\n",
      "         1.4286e-01, 1.4286e-01, 1.4286e-01, 1.4286e-01],\n",
      "        [6.1593e-08, 6.9153e-08, 6.7997e-08, 1.4286e-01, 1.4286e-01, 1.4286e-01,\n",
      "         1.4286e-01, 1.4286e-01, 1.4286e-01, 1.4286e-01],\n",
      "        [6.1761e-08, 6.9329e-08, 6.8163e-08, 1.4286e-01, 1.4286e-01, 1.4286e-01,\n",
      "         1.4286e-01, 1.4286e-01, 1.4286e-01, 1.4286e-01]],\n",
      "       grad_fn=<SelectBackward>)\n",
      "\n",
      "Epoch: 6.00, Train Loss: 7.83, Val Loss: 9.85, Train BLEU: 2.72, Val BLEU: 1.25, Minutes Elapsed: 0.44\n",
      "Sampling from training predictions...\n",
      "Source: 这 是 一个 <UNK> <EOS> <PAD> <PAD> <PAD> <PAD> <PAD>\n",
      "Reference: there &apos;s a fish sitting here . <EOS> <PAD>\n",
      "Model: <SOS> . <EOS> <EOS> <EOS> <EOS> <EOS> <EOS> <EOS> <EOS>\n",
      "Attention Weights: tensor([[7.9767e-08, 9.5574e-08, 1.0459e-07, 1.0300e-07, 9.4024e-08, 2.0000e-01,\n",
      "         2.0000e-01, 2.0000e-01, 2.0000e-01, 2.0000e-01],\n",
      "        [4.9547e-08, 5.9505e-08, 6.5020e-08, 6.3717e-08, 5.8240e-08, 2.0000e-01,\n",
      "         2.0000e-01, 2.0000e-01, 2.0000e-01, 2.0000e-01],\n",
      "        [4.0619e-08, 4.8745e-08, 5.3191e-08, 5.2061e-08, 4.7716e-08, 2.0000e-01,\n",
      "         2.0000e-01, 2.0000e-01, 2.0000e-01, 2.0000e-01],\n",
      "        [3.7437e-08, 4.4854e-08, 4.8878e-08, 4.7809e-08, 4.3848e-08, 2.0000e-01,\n",
      "         2.0000e-01, 2.0000e-01, 2.0000e-01, 2.0000e-01],\n",
      "        [3.6443e-08, 4.3585e-08, 4.7449e-08, 4.6413e-08, 4.2566e-08, 2.0000e-01,\n",
      "         2.0000e-01, 2.0000e-01, 2.0000e-01, 2.0000e-01],\n",
      "        [3.6096e-08, 4.3110e-08, 4.6892e-08, 4.5862e-08, 4.2051e-08, 2.0000e-01,\n",
      "         2.0000e-01, 2.0000e-01, 2.0000e-01, 2.0000e-01],\n",
      "        [3.6179e-08, 4.3171e-08, 4.6938e-08, 4.5914e-08, 4.2086e-08, 2.0000e-01,\n",
      "         2.0000e-01, 2.0000e-01, 2.0000e-01, 2.0000e-01],\n",
      "        [3.6381e-08, 4.3385e-08, 4.7158e-08, 4.6133e-08, 4.2275e-08, 2.0000e-01,\n",
      "         2.0000e-01, 2.0000e-01, 2.0000e-01, 2.0000e-01],\n",
      "        [3.6573e-08, 4.3597e-08, 4.7381e-08, 4.6354e-08, 4.2470e-08, 2.0000e-01,\n",
      "         2.0000e-01, 2.0000e-01, 2.0000e-01, 2.0000e-01]],\n",
      "       grad_fn=<SelectBackward>)\n",
      "\n",
      "Sampling from val predictions...\n",
      "Source: 我 的 祖父 在 他 的 年代 是 位非 非凡\n",
      "Reference: my grandfather was an extraordinary man for his time\n",
      "Model: <SOS> &apos;s &apos;s . <EOS> <EOS> <EOS> <EOS> <EOS> <EOS>\n",
      "Attention Weights: tensor([[0.0697, 0.0833, 0.0962, 0.1019, 0.1089, 0.1137, 0.1160, 0.1130, 0.1073,\n",
      "         0.0899],\n",
      "        [0.0690, 0.0828, 0.0960, 0.1018, 0.1089, 0.1140, 0.1165, 0.1135, 0.1076,\n",
      "         0.0899],\n",
      "        [0.0688, 0.0827, 0.0960, 0.1017, 0.1089, 0.1142, 0.1166, 0.1136, 0.1076,\n",
      "         0.0899],\n",
      "        [0.0686, 0.0826, 0.0960, 0.1016, 0.1089, 0.1142, 0.1167, 0.1137, 0.1077,\n",
      "         0.0900],\n",
      "        [0.0685, 0.0825, 0.0960, 0.1016, 0.1088, 0.1142, 0.1168, 0.1137, 0.1077,\n",
      "         0.0900],\n",
      "        [0.0685, 0.0824, 0.0959, 0.1016, 0.1088, 0.1142, 0.1168, 0.1138, 0.1078,\n",
      "         0.0902],\n",
      "        [0.0685, 0.0824, 0.0959, 0.1016, 0.1087, 0.1141, 0.1168, 0.1139, 0.1079,\n",
      "         0.0902],\n",
      "        [0.0685, 0.0824, 0.0958, 0.1015, 0.1087, 0.1141, 0.1168, 0.1140, 0.1079,\n",
      "         0.0903],\n",
      "        [0.0685, 0.0824, 0.0958, 0.1015, 0.1087, 0.1140, 0.1168, 0.1140, 0.1080,\n",
      "         0.0903]], grad_fn=<SelectBackward>)\n",
      "\n"
     ]
    },
    {
     "name": "stdout",
     "output_type": "stream",
     "text": [
      "Epoch: 7.00, Train Loss: 7.49, Val Loss: 9.74, Train BLEU: 1.83, Val BLEU: 1.22, Minutes Elapsed: 0.51\n",
      "Sampling from training predictions...\n",
      "Source: 学习 掌握 它 <EOS> <PAD> <PAD> <PAD> <PAD> <PAD> <PAD>\n",
      "Reference: learn to manage it . <EOS> <PAD> <PAD> <PAD>\n",
      "Model: <SOS> . <EOS> <EOS> <EOS> <EOS> <EOS> <EOS> <EOS> <EOS>\n",
      "Attention Weights: tensor([[3.8937e-08, 4.8224e-08, 5.3745e-08, 4.6473e-08, 1.6667e-01, 1.6667e-01,\n",
      "         1.6667e-01, 1.6667e-01, 1.6667e-01, 1.6667e-01],\n",
      "        [2.1736e-08, 2.7028e-08, 3.0253e-08, 2.6138e-08, 1.6667e-01, 1.6667e-01,\n",
      "         1.6667e-01, 1.6667e-01, 1.6667e-01, 1.6667e-01],\n",
      "        [1.7319e-08, 2.1511e-08, 2.4111e-08, 2.0907e-08, 1.6667e-01, 1.6667e-01,\n",
      "         1.6667e-01, 1.6667e-01, 1.6667e-01, 1.6667e-01],\n",
      "        [1.5947e-08, 1.9763e-08, 2.2130e-08, 1.9217e-08, 1.6667e-01, 1.6667e-01,\n",
      "         1.6667e-01, 1.6667e-01, 1.6667e-01, 1.6667e-01],\n",
      "        [1.5605e-08, 1.9295e-08, 2.1575e-08, 1.8746e-08, 1.6667e-01, 1.6667e-01,\n",
      "         1.6667e-01, 1.6667e-01, 1.6667e-01, 1.6667e-01],\n",
      "        [1.5585e-08, 1.9240e-08, 2.1492e-08, 1.8680e-08, 1.6667e-01, 1.6667e-01,\n",
      "         1.6667e-01, 1.6667e-01, 1.6667e-01, 1.6667e-01],\n",
      "        [1.5676e-08, 1.9334e-08, 2.1582e-08, 1.8761e-08, 1.6667e-01, 1.6667e-01,\n",
      "         1.6667e-01, 1.6667e-01, 1.6667e-01, 1.6667e-01],\n",
      "        [1.5818e-08, 1.9496e-08, 2.1753e-08, 1.8913e-08, 1.6667e-01, 1.6667e-01,\n",
      "         1.6667e-01, 1.6667e-01, 1.6667e-01, 1.6667e-01],\n",
      "        [1.5879e-08, 1.9566e-08, 2.1831e-08, 1.8984e-08, 1.6667e-01, 1.6667e-01,\n",
      "         1.6667e-01, 1.6667e-01, 1.6667e-01, 1.6667e-01]],\n",
      "       grad_fn=<SelectBackward>)\n",
      "\n",
      "Sampling from val predictions...\n",
      "Source: 他们 知道 我们 的 住处 吗 <EOS> <PAD> <PAD> <PAD>\n",
      "Reference: do they know where we live ? <EOS> <PAD>\n",
      "Model: <SOS> . <EOS> <EOS> <EOS> <EOS> <EOS> <EOS> <EOS> <EOS>\n",
      "Attention Weights: tensor([[2.1911e-07, 2.6225e-07, 2.5156e-07, 3.0700e-07, 3.4660e-07, 3.5024e-07,\n",
      "         3.5082e-07, 3.1948e-07, 2.6741e-07, 1.0000e+00],\n",
      "        [1.2175e-07, 1.4583e-07, 1.3973e-07, 1.7202e-07, 1.9397e-07, 1.9410e-07,\n",
      "         1.9326e-07, 1.7697e-07, 1.4849e-07, 1.0000e+00],\n",
      "        [9.6319e-08, 1.1507e-07, 1.1026e-07, 1.3563e-07, 1.5259e-07, 1.5206e-07,\n",
      "         1.5076e-07, 1.3901e-07, 1.1737e-07, 1.0000e+00],\n",
      "        [8.8422e-08, 1.0540e-07, 1.0104e-07, 1.2392e-07, 1.3915e-07, 1.3850e-07,\n",
      "         1.3705e-07, 1.2682e-07, 1.0736e-07, 1.0000e+00],\n",
      "        [8.6462e-08, 1.0287e-07, 9.8633e-08, 1.2063e-07, 1.3531e-07, 1.3472e-07,\n",
      "         1.3323e-07, 1.2345e-07, 1.0462e-07, 1.0000e+00],\n",
      "        [8.6013e-08, 1.0222e-07, 9.8013e-08, 1.1964e-07, 1.3410e-07, 1.3354e-07,\n",
      "         1.3201e-07, 1.2239e-07, 1.0377e-07, 1.0000e+00],\n",
      "        [8.6483e-08, 1.0270e-07, 9.8488e-08, 1.2007e-07, 1.3451e-07, 1.3399e-07,\n",
      "         1.3244e-07, 1.2281e-07, 1.0414e-07, 1.0000e+00],\n",
      "        [8.6747e-08, 1.0298e-07, 9.8755e-08, 1.2032e-07, 1.3478e-07, 1.3429e-07,\n",
      "         1.3272e-07, 1.2306e-07, 1.0438e-07, 1.0000e+00],\n",
      "        [8.7534e-08, 1.0388e-07, 9.9611e-08, 1.2130e-07, 1.3586e-07, 1.3540e-07,\n",
      "         1.3382e-07, 1.2409e-07, 1.0525e-07, 1.0000e+00]],\n",
      "       grad_fn=<SelectBackward>)\n",
      "\n",
      "Epoch: 8.00, Train Loss: 7.17, Val Loss: 9.62, Train BLEU: 0.52, Val BLEU: 1.05, Minutes Elapsed: 0.56\n",
      "Sampling from training predictions...\n",
      "Source: 而 努力 去 保存 现状 则 是 徒劳 的 <EOS>\n",
      "Reference: the concept of preservation is futile . <EOS> <PAD>\n",
      "Model: <SOS> &apos;s . <EOS> <EOS> <EOS> <EOS> <EOS> <EOS> <EOS>\n",
      "Attention Weights: tensor([[0.0513, 0.0717, 0.0912, 0.1048, 0.1160, 0.1224, 0.1256, 0.1246, 0.1137,\n",
      "         0.0788],\n",
      "        [0.0502, 0.0706, 0.0906, 0.1046, 0.1162, 0.1229, 0.1262, 0.1253, 0.1144,\n",
      "         0.0790],\n",
      "        [0.0498, 0.0703, 0.0905, 0.1045, 0.1162, 0.1231, 0.1265, 0.1255, 0.1146,\n",
      "         0.0790],\n",
      "        [0.0496, 0.0701, 0.0904, 0.1045, 0.1163, 0.1233, 0.1267, 0.1255, 0.1146,\n",
      "         0.0790],\n",
      "        [0.0497, 0.0701, 0.0904, 0.1045, 0.1163, 0.1233, 0.1267, 0.1255, 0.1145,\n",
      "         0.0790],\n",
      "        [0.0498, 0.0702, 0.0905, 0.1045, 0.1162, 0.1232, 0.1266, 0.1254, 0.1145,\n",
      "         0.0790],\n",
      "        [0.0499, 0.0703, 0.0905, 0.1045, 0.1162, 0.1231, 0.1266, 0.1254, 0.1145,\n",
      "         0.0791],\n",
      "        [0.0500, 0.0704, 0.0905, 0.1045, 0.1161, 0.1231, 0.1265, 0.1253, 0.1144,\n",
      "         0.0791],\n",
      "        [0.0500, 0.0704, 0.0905, 0.1045, 0.1161, 0.1230, 0.1265, 0.1253, 0.1144,\n",
      "         0.0792]], grad_fn=<SelectBackward>)\n",
      "\n",
      "Sampling from val predictions...\n",
      "Source: 我们 很 害怕 但是 我们 仍然 渴望 望去 学校 <EOS>\n",
      "Reference: we were scared , but still , school was\n",
      "Model: <SOS> &apos;s . <EOS> <EOS> <EOS> <EOS> <EOS> <EOS> <EOS>\n",
      "Attention Weights: tensor([[1.4738e-07, 2.0227e-07, 2.3050e-07, 2.2402e-07, 2.4090e-07, 2.1939e-07,\n",
      "         2.2482e-07, 2.4033e-07, 1.8185e-07, 1.0000e+00],\n",
      "        [7.6804e-08, 1.0608e-07, 1.2100e-07, 1.1665e-07, 1.2550e-07, 1.1351e-07,\n",
      "         1.1552e-07, 1.2489e-07, 9.4738e-08, 1.0000e+00],\n",
      "        [6.0440e-08, 8.3360e-08, 9.4990e-08, 9.1398e-08, 9.8282e-08, 8.8862e-08,\n",
      "         9.0059e-08, 9.7752e-08, 7.4761e-08, 1.0000e+00],\n",
      "        [5.5283e-08, 7.6071e-08, 8.6613e-08, 8.3355e-08, 8.9596e-08, 8.1075e-08,\n",
      "         8.2000e-08, 8.8971e-08, 6.8297e-08, 1.0000e+00],\n",
      "        [5.4088e-08, 7.4250e-08, 8.4476e-08, 8.1363e-08, 8.7418e-08, 7.9195e-08,\n",
      "         8.0038e-08, 8.6713e-08, 6.6682e-08, 1.0000e+00],\n",
      "        [5.4114e-08, 7.4166e-08, 8.4343e-08, 8.1296e-08, 8.7320e-08, 7.9186e-08,\n",
      "         8.0011e-08, 8.6575e-08, 6.6646e-08, 1.0000e+00],\n",
      "        [5.4390e-08, 7.4456e-08, 8.4642e-08, 8.1624e-08, 8.7654e-08, 7.9533e-08,\n",
      "         8.0357e-08, 8.6870e-08, 6.6901e-08, 1.0000e+00],\n",
      "        [5.4829e-08, 7.4999e-08, 8.5240e-08, 8.2229e-08, 8.8292e-08, 8.0142e-08,\n",
      "         8.0977e-08, 8.7489e-08, 6.7395e-08, 1.0000e+00],\n",
      "        [5.5363e-08, 7.5687e-08, 8.6008e-08, 8.2990e-08, 8.9100e-08, 8.0898e-08,\n",
      "         8.1747e-08, 8.8286e-08, 6.8022e-08, 1.0000e+00]],\n",
      "       grad_fn=<SelectBackward>)\n",
      "\n",
      "Epoch: 9.00, Train Loss: 6.86, Val Loss: 9.51, Train BLEU: 0.59, Val BLEU: 1.07, Minutes Elapsed: 0.63\n",
      "Sampling from training predictions...\n",
      "Source: 这里 有 蟹 还有 蠕虫 <EOS> <PAD> <PAD> <PAD> <PAD>\n",
      "Reference: here &apos;s crabs here , worms here . <EOS>\n",
      "Model: <SOS> . . <EOS> <EOS> <EOS> <EOS> <EOS> <EOS> <EOS>\n",
      "Attention Weights: tensor([[2.5177e-08, 3.9922e-08, 5.3141e-08, 5.7767e-08, 5.3852e-08, 3.5364e-08,\n",
      "         2.5000e-01, 2.5000e-01, 2.5000e-01, 2.5000e-01],\n",
      "        [1.2796e-08, 2.0541e-08, 2.7619e-08, 3.0033e-08, 2.7937e-08, 1.8270e-08,\n",
      "         2.5000e-01, 2.5000e-01, 2.5000e-01, 2.5000e-01],\n",
      "        [1.0030e-08, 1.6097e-08, 2.1682e-08, 2.3563e-08, 2.1935e-08, 1.4422e-08,\n",
      "         2.5000e-01, 2.5000e-01, 2.5000e-01, 2.5000e-01],\n",
      "        [9.1937e-09, 1.4720e-08, 1.9819e-08, 2.1520e-08, 2.0032e-08, 1.3210e-08,\n",
      "         2.5000e-01, 2.5000e-01, 2.5000e-01, 2.5000e-01],\n",
      "        [9.0275e-09, 1.4415e-08, 1.9387e-08, 2.1039e-08, 1.9587e-08, 1.2946e-08,\n",
      "         2.5000e-01, 2.5000e-01, 2.5000e-01, 2.5000e-01],\n",
      "        [9.0477e-09, 1.4418e-08, 1.9372e-08, 2.1011e-08, 1.9561e-08, 1.2947e-08,\n",
      "         2.5000e-01, 2.5000e-01, 2.5000e-01, 2.5000e-01],\n",
      "        [9.1327e-09, 1.4534e-08, 1.9512e-08, 2.1156e-08, 1.9697e-08, 1.3049e-08,\n",
      "         2.5000e-01, 2.5000e-01, 2.5000e-01, 2.5000e-01],\n",
      "        [9.2478e-09, 1.4703e-08, 1.9730e-08, 2.1388e-08, 1.9914e-08, 1.3201e-08,\n",
      "         2.5000e-01, 2.5000e-01, 2.5000e-01, 2.5000e-01],\n",
      "        [9.3432e-09, 1.4845e-08, 1.9913e-08, 2.1586e-08, 2.0102e-08, 1.3333e-08,\n",
      "         2.5000e-01, 2.5000e-01, 2.5000e-01, 2.5000e-01]],\n",
      "       grad_fn=<SelectBackward>)\n",
      "\n",
      "Sampling from val predictions...\n",
      "Source: 塔利 塔利班 走 了 父亲 大声 叫 着 <EOS> <PAD>\n",
      "Reference: &quot; the taliban are gone ! &quot; my father\n",
      "Model: <SOS> . <EOS> <EOS> <EOS> <EOS> <EOS> <EOS> <EOS> <EOS>\n",
      "Attention Weights: tensor([[2.1692e-08, 3.2670e-08, 3.9156e-08, 3.9785e-08, 2.7662e-08, 2.0000e-01,\n",
      "         2.0000e-01, 2.0000e-01, 2.0000e-01, 2.0000e-01],\n",
      "        [1.0793e-08, 1.6415e-08, 1.9755e-08, 2.0073e-08, 1.3917e-08, 2.0000e-01,\n",
      "         2.0000e-01, 2.0000e-01, 2.0000e-01, 2.0000e-01],\n",
      "        [8.4436e-09, 1.2832e-08, 1.5450e-08, 1.5717e-08, 1.0955e-08, 2.0000e-01,\n",
      "         2.0000e-01, 2.0000e-01, 2.0000e-01, 2.0000e-01],\n",
      "        [7.7430e-09, 1.1741e-08, 1.4130e-08, 1.4371e-08, 1.0044e-08, 2.0000e-01,\n",
      "         2.0000e-01, 2.0000e-01, 2.0000e-01, 2.0000e-01],\n",
      "        [7.6040e-09, 1.1504e-08, 1.3835e-08, 1.4068e-08, 9.8521e-09, 2.0000e-01,\n",
      "         2.0000e-01, 2.0000e-01, 2.0000e-01, 2.0000e-01],\n",
      "        [7.6316e-09, 1.1526e-08, 1.3853e-08, 1.4079e-08, 9.8699e-09, 2.0000e-01,\n",
      "         2.0000e-01, 2.0000e-01, 2.0000e-01, 2.0000e-01],\n",
      "        [7.7082e-09, 1.1628e-08, 1.3969e-08, 1.4196e-08, 9.9601e-09, 2.0000e-01,\n",
      "         2.0000e-01, 2.0000e-01, 2.0000e-01, 2.0000e-01],\n",
      "        [7.8029e-09, 1.1762e-08, 1.4126e-08, 1.4353e-08, 1.0075e-08, 2.0000e-01,\n",
      "         2.0000e-01, 2.0000e-01, 2.0000e-01, 2.0000e-01],\n",
      "        [7.8620e-09, 1.1846e-08, 1.4228e-08, 1.4458e-08, 1.0154e-08, 2.0000e-01,\n",
